15 0.062919 0.014642 0.038746 0.016552
15 0.357143 0.012096 0.036324 0.024191
15 0.649753 0.015279 0.037131 0.019099
15 0.945995 0.012096 0.037131 0.024191
15 0.062515 0.148014 0.037938 0.027375
15 0.356739 0.151833 0.038746 0.019735
15 0.649349 0.151515 0.041167 0.017825
15 0.943573 0.152152 0.038746 0.019099
15 0.063726 0.295709 0.041974 0.018462
15 0.352703 0.297619 0.046818 0.022282
15 0.658632 0.292208 0.035517 0.025465
15 0.944380 0.296028 0.050046 0.020372
15 0.062919 0.433537 0.043589 0.019099
15 0.356336 0.430672 0.039553 0.022282
15 0.657421 0.431309 0.036324 0.018462
15 0.947206 0.436402 0.029866 0.022282
15 0.059286 0.576140 0.028252 0.031831
15 0.354318 0.575821 0.030674 0.032468
15 0.658632 0.579004 0.037131 0.037560
15 0.942766 0.582187 0.035517 0.035014
15 0.058076 0.709193 0.037131 0.033104
15 0.357143 0.706010 0.041167 0.035651
15 0.659843 0.706646 0.039553 0.034377
15 0.945591 0.705055 0.037938 0.023555
15 0.059286 0.824421 0.036324 0.029284
15 0.355932 0.823466 0.033902 0.028648
16 0.659035 0.824102 0.042782 0.047746
15 0.941959 0.818054 0.038746 0.064935
17 0.059286 0.955882 0.041167 0.033741
18 0.343824 0.959065 0.066190 0.032468