11 0.084361 0.072836 0.103910 0.053128
11 0.372947 0.051414 0.097915 0.102828
11 0.658699 0.072033 0.091920 0.055163
11 0.941953 0.052217 0.096916 0.104434
11 0.082700 0.205120 0.096916 0.076050
11 0.373447 0.219045 0.104909 0.054627
11 0.661696 0.193070 0.099913 0.102292
11 0.924468 0.219045 0.099913 0.052485
11 0.089194 0.346776 0.099913 0.053021
11 0.362956 0.347044 0.101911 0.054627
11 0.645211 0.346240 0.104909 0.054092
11 0.927965 0.345437 0.098914 0.054627
11 0.092691 0.465938 0.100912 0.053556
11 0.370450 0.462725 0.098914 0.054627
11 0.646709 0.466474 0.105908 0.054627
11 0.927465 0.465938 0.095917 0.053556
11 0.095189 0.588850 0.097915 0.054092
11 0.373447 0.588314 0.104909 0.055163
11 0.651705 0.588582 0.097915 0.052485
11 0.927965 0.588582 0.094917 0.054627
11 0.082700 0.711493 0.100912 0.054092
11 0.367452 0.711761 0.104909 0.054627
11 0.644711 0.712832 0.101911 0.053556
11 0.927465 0.711225 0.099913 0.054627
11 0.084698 0.831727 0.102911 0.054627
11 0.364455 0.832798 0.100912 0.054627
11 0.644711 0.831727 0.099913 0.054627
11 0.926966 0.830923 0.100912 0.055163
11 0.087695 0.954102 0.100912 0.054092
11 0.370450 0.955174 0.098914 0.051949
11 0.642713 0.955441 0.101911 0.052485
11 0.925467 0.954370 0.101911 0.052485