4 0.085608 0.495098 0.171215 0.150624
4 0.653757 0.499109 0.048619 0.062389
4 0.649503 0.714349 0.154365 0.116756
4 0.653757 0.928253 0.160442 0.086453
4 0.083784 0.270053 0.167568 0.181818
4 0.081270 0.060606 0.094807 0.121212
4 0.344420 0.073084 0.120332 0.096257
4 0.650111 0.082888 0.158011 0.076649
4 0.915608 0.073084 0.168784 0.094474
4 0.652542 0.299465 0.167735 0.122995
4 0.918039 0.715686 0.163922 0.119430
4 0.080138 0.913547 0.160276 0.115865
4 0.345027 0.913993 0.155580 0.114973
6 0.080663 0.710784 0.096022 0.123886