0 0.103356 0.024086 0.152899 0.047708
0 0.357588 0.024086 0.216457 0.048172
0 0.620214 0.023854 0.210461 0.047245
0 0.897199 0.029065 0.205602 0.038213
0 0.102494 0.111165 0.204988 0.048635
0 0.357288 0.108965 0.103132 0.053498
0 0.620813 0.112902 0.132512 0.044698
1 0.089565 0.191297 0.101333 0.020843
1 0.351292 0.193149 0.116323 0.017601
1 0.616616 0.189791 0.121719 0.023391
1 0.888836 0.193613 0.113325 0.017138
1 0.353690 0.264133 0.089940 0.049330
1 0.621113 0.263438 0.115124 0.044698
1 0.895731 0.269575 0.045570 0.033350
1 0.102457 0.339633 0.093538 0.035897
2 0.347694 0.334074 0.056363 0.049793
2 0.620813 0.342875 0.149301 0.030802
2 0.895431 0.346465 0.097735 0.023623
3 0.897230 0.416869 0.114524 0.029181
5 0.633705 0.490053 0.141506 0.061141
6 0.897830 0.500475 0.178082 0.039834
6 0.351892 0.581996 0.079148 0.058825
6 0.629208 0.586165 0.083345 0.051877
6 0.896331 0.582343 0.079148 0.059056
6 0.101857 0.692698 0.058761 0.043540
3 0.626210 0.689803 0.070154 0.049330
6 0.890934 0.692698 0.057562 0.044929
6 0.352191 0.777924 0.200867 0.050488
10 0.109652 0.880057 0.080347 0.058362
10 0.361485 0.872646 0.152299 0.073184
10 0.622312 0.872531 0.153498 0.071563