15 0.205106 0.106954 0.048415 0.043134
15 0.265405 0.107394 0.049296 0.044014
15 0.328345 0.103433 0.046655 0.037852
15 0.330106 0.187060 0.048415 0.039613
15 0.266725 0.187060 0.046655 0.034331
15 0.203785 0.187500 0.052817 0.044014
11 0.266725 0.080546 0.041373 0.018486
11 0.294894 0.390845 0.036092 0.049296
11 0.293574 0.580106 0.036972 0.047535
11 0.295335 0.701585 0.042254 0.058099
6 0.376320 0.537852 0.096831 0.492958
15 0.508363 0.427817 0.052817 0.033451
15 0.654489 0.430018 0.049296 0.037852
15 0.686180 0.600792 0.052817 0.046655
15 0.687940 0.859155 0.056338 0.045775
10 0.492518 0.257482 0.038732 0.050176