7 0.105127 0.068552 0.086915 0.087404
7 0.374456 0.054841 0.121252 0.109682
7 0.638956 0.085261 0.092280 0.052271
8 0.903174 0.077549 0.193652 0.067695
8 0.103518 0.243787 0.122325 0.112254
8 0.385723 0.260925 0.092280 0.076264
8 0.642712 0.266924 0.063308 0.064267
10 0.907212 0.265210 0.083696 0.067695
10 0.094934 0.482005 0.188852 0.155099
10 0.379285 0.471294 0.184560 0.080548
10 0.660417 0.472151 0.154515 0.082262
10 0.907212 0.503856 0.145931 0.119966
10 0.113712 0.710368 0.093353 0.049700
10 0.391088 0.694944 0.188852 0.083976
10 0.679731 0.704799 0.085842 0.065981
10 0.919552 0.702656 0.082623 0.065124
10 0.101372 0.920308 0.081550 0.068552
10 0.388406 0.928877 0.104083 0.049700
10 0.679195 0.898886 0.119106 0.107969