2 0.508590 0.586268 0.036905 0.102113
2 0.522270 0.857835 0.040086 0.104754
10 0.851232 0.558539 0.066811 0.092430
10 0.850278 0.658011 0.057266 0.088908
10 0.445279 0.442342 0.056630 0.083627
5 0.461504 0.849912 0.072537 0.081866
10 0.200625 0.286092 0.053448 0.082746
5 0.444006 0.575264 0.074446 0.087148
5 0.261391 0.506162 0.076991 0.096831
12 0.528315 0.125880 0.053448 0.024648
12 0.528633 0.046655 0.056630 0.024648
11 0.381332 0.319102 0.047086 0.062500
11 0.772651 0.586268 0.045813 0.063380
11 0.699795 0.824384 0.043904 0.060739
11 0.678480 0.059859 0.077627 0.102113