41 0.084759 0.023555 0.113780 0.047110
42 0.376320 0.026950 0.115558 0.032680
43 0.652771 0.032043 0.033778 0.020796
44 0.915443 0.033529 0.029334 0.016128
45 0.085648 0.110772 0.044445 0.016128
46 0.382987 0.109498 0.045334 0.018674
47 0.649660 0.110347 0.052446 0.022918
48 0.909665 0.111620 0.028445 0.017825
49 0.081647 0.189288 0.038223 0.018674
50 0.382543 0.187166 0.044445 0.023767
51 0.653215 0.186317 0.047112 0.023767
52 0.910998 0.189288 0.057779 0.015279
53 0.087425 0.276717 0.021334 0.012732
54 0.387432 0.268441 0.059557 0.037773
55 0.666549 0.276505 0.022223 0.011459
56 0.918554 0.275656 0.030223 0.014854
57 0.083425 0.349291 0.093335 0.026314
58 0.381654 0.357143 0.030223 0.014854
59 0.670993 0.354809 0.038223 0.011884
60 0.914998 0.357355 0.049779 0.011884
61 0.082092 0.441601 0.049779 0.017401
66 0.382098 0.523725 0.054223 0.017825
67 0.678105 0.527120 0.029334 0.013581
68 0.916776 0.526271 0.028445 0.012732
69 0.076314 0.611578 0.025778 0.012732
70 0.371876 0.613063 0.023112 0.011459
75 0.679882 0.696248 0.034667 0.042017
76 0.918999 0.700280 0.068446 0.026314
77 0.071869 0.797683 0.075557 0.029284
78 0.376320 0.793651 0.053334 0.044139
79 0.679438 0.803200 0.062224 0.020796
80 0.925665 0.801290 0.049779 0.022069
81 0.071425 0.884263 0.046223 0.021645
82 0.370098 0.885748 0.071113 0.013581
83 0.680771 0.883838 0.045334 0.027587
84 0.925665 0.886809 0.069335 0.022494
85 0.071869 0.972965 0.075557 0.018250