12 0.901809 0.049700 0.094069 0.066838
12 0.072652 0.263369 0.081887 0.049020
5 0.344415 0.254456 0.097241 0.068627
5 0.619760 0.250446 0.095194 0.076649
5 0.907900 0.241533 0.079840 0.089127
5 0.079305 0.465241 0.101335 0.076649
14 0.346974 0.453209 0.100312 0.100713
14 0.080841 0.688948 0.106453 0.076649
14 0.635625 0.460339 0.145350 0.086453
14 0.904829 0.485294 0.182199 0.036542
14 0.361816 0.709447 0.191411 0.037433
14 0.624878 0.653298 0.097241 0.146168
14 0.885893 0.687166 0.170939 0.089127
14 0.358233 0.903743 0.098264 0.124777
14 0.073675 0.904189 0.098264 0.125668
13 0.624878 0.049020 0.082911 0.067736
13 0.368981 0.041889 0.091099 0.083778