165 0.064102 0.014706 0.034467 0.019608
165 0.356792 0.012255 0.040118 0.024510
166 0.650331 0.015152 0.037293 0.018717
167 0.946129 0.012701 0.038988 0.022727
168 0.061277 0.147059 0.045768 0.025847
169 0.356510 0.150178 0.044073 0.027629
170 0.650613 0.151515 0.037858 0.021390
170 0.944151 0.151292 0.040683 0.020053
171 0.063254 0.295009 0.038423 0.020499
172 0.354532 0.296569 0.042378 0.027184
173 0.659654 0.293004 0.036728 0.028966
165 0.943304 0.295009 0.048028 0.019608
166 0.064102 0.433378 0.043508 0.020053
174 0.356510 0.431818 0.039553 0.024064
175 0.658241 0.432709 0.039553 0.021390
176 0.946411 0.436275 0.031642 0.023173
176 0.060712 0.575980 0.028817 0.032531
176 0.354250 0.575312 0.029382 0.032977
177 0.660219 0.578431 0.036728 0.038324
178 0.943304 0.579323 0.036728 0.036542
179 0.058169 0.708111 0.038423 0.034759
180 0.357075 0.706328 0.038423 0.033868
181 0.661066 0.706105 0.038423 0.033422
169 0.944999 0.703877 0.038988 0.028075
182 0.057322 0.826203 0.038988 0.025847
183 0.357075 0.821301 0.036163 0.030303
184 0.658524 0.823307 0.049158 0.049465
185 0.943869 0.817068 0.037858 0.064617
186 0.059582 0.955437 0.040118 0.033868
187 0.347187 0.959002 0.060459 0.033868