105 0.102683 0.069073 0.106026 0.086453
105 0.377234 0.056150 0.128347 0.112299
106 0.638949 0.078877 0.102677 0.073975
107 0.900389 0.074421 0.199222 0.077540
107 0.111612 0.245989 0.168525 0.119430
108 0.387836 0.262923 0.111606 0.078431
109 0.641739 0.264706 0.063615 0.071301
110 0.907361 0.266043 0.088169 0.066845
111 0.095987 0.485294 0.188614 0.157754
112 0.381140 0.467023 0.187498 0.092692
113 0.660712 0.470143 0.161829 0.084670
114 0.907361 0.503565 0.148436 0.117647
115 0.112728 0.710339 0.099329 0.053476
116 0.390068 0.695187 0.189730 0.081996
117 0.679127 0.704545 0.082588 0.063280
117 0.916848 0.703209 0.082588 0.065954
117 0.101009 0.918004 0.082588 0.073084
118 0.385604 0.927807 0.109374 0.051693
119 0.676337 0.899287 0.139507 0.112299