37 0.9326171875 0.7289073305670816 0.0283203125 0.025242047026279392
37 0.89990234375 0.7558782849239281 0.016357421875 0.028699861687413553
37 0.86865234375 0.7655601659751037 0.009765625 0.016597510373443983
58 0.87060546875 0.739972337482711 0.022216796875 0.02627939142461964
37 0.8896484375 0.8008298755186722 0.017822265625 0.017980636237897647
37 0.95166015625 0.6410788381742739 0.048828125 0.07088520055325034
37 0.30126953125 0.813969571230982 0.015625 0.017634854771784232
37 0.2158203125 0.6473029045643154 0.023193359375 0.017980636237897647
37 0.35986328125 0.7130013831258645 0.018310546875 0.016597510373443983
37 0.341796875 0.7627939142461964 0.01171875 0.023167358229598894
37 0.310546875 0.5905947441217151 0.0146484375 0.01970954356846473
37 0.365234375 0.6092669432918395 0.0146484375 0.018326417704011066
37 0.55908203125 0.7123098201936376 0.018310546875 0.017980636237897647
37 0.537109375 0.6085753803596127 0.013916015625 0.01625172890733057
37 0.60205078125 0.5905947441217151 0.012451171875 0.017980636237897647
37 0.693359375 0.6445366528354081 0.023681640625 0.019017980636237896
48 0.2578125 0.7731673582295989 0.021728515625 0.025242047026279392
69 0.2294921875 0.7330567081604425 0.015869140625 0.0169432918395574
69 0.3212890625 0.7627939142461964 0.017822265625 0.02074688796680498
69 0.35986328125 0.7413554633471646 0.017578125 0.02627939142461964
69 0.3583984375 0.686030428769018 0.017578125 0.024896265560165973
69 0.55810546875 0.7420470262793915 0.018310546875 0.025933609958506226
69 0.55810546875 0.686030428769018 0.018310546875 0.025242047026279392
69 0.65185546875 0.7621023513139695 0.014892578125 0.021784232365145227
13 0.57958984375 0.7621023513139695 0.0078125 0.017980636237897647
64 0.61865234375 0.6265560165975104 0.015625 0.02247579529737206
64 0.58349609375 0.6272475795297372 0.016845703125 0.016597510373443983
64 0.29931640625 0.6293222683264177 0.014404296875 0.01625172890733057
72 0.6943359375 0.6258644536652835 0.029052734375 0.018326417704011066
64 0.3330078125 0.6272475795297372 0.015869140625 0.022130013831258646
72 0.21630859375 0.6293222683264177 0.025390625 0.0169432918395574
48 0.60888671875 0.7710926694329184 0.021484375 0.02627939142461964
4 0.30126953125 0.7786998616874136 0.012451171875 0.01625172890733057
17 0.63232421875 0.780774550484094 0.012451171875 0.016597510373443983
47 0.26171875 0.69432918395574 0.019775390625 0.02455048409405256
47 0.6630859375 0.7095435684647303 0.021728515625 0.02247579529737206
37 0.80126953125 0.43084370677731676 0.014404296875 0.02627939142461964
37 0.77001953125 0.42946058091286304 0.010498046875 0.018326417704011066
4 0.75341796875 0.4467496542185339 0.0185546875 0.022130013831258646
48 0.712890625 0.4391424619640387 0.0244140625 0.024896265560165973
37 0.69189453125 0.4004149377593361 0.016357421875 0.015560165975103735
37 0.482421875 0.40110650069156295 0.017822265625 0.016597510373443983
37 0.44970703125 0.42531120331950206 0.016357421875 0.022130013831258646
37 0.4169921875 0.42946058091286304 0.0126953125 0.02074688796680498
37 0.32958984375 0.32226832641770403 0.0263671875 0.015214384508990318
37 0.52197265625 0.2351313969571231 0.017578125 0.01625172890733057
37 0.513671875 0.11341632088520055 0.017822265625 0.019017980636237896
37 0.544921875 0.13692946058091288 0.009521484375 0.01970954356846473
37 0.6162109375 0.1417704011065007 0.0087890625 0.016597510373443983
37 0.71142578125 0.2351313969571231 0.0166015625 0.017980636237897647
37 0.82275390625 0.31466113416320884 0.025390625 0.016597510373443983
37 0.67724609375 0.2821576763485477 0.012939453125 0.022130013831258646
37 0.61328125 0.26141078838174275 0.01171875 0.02247579529737206
37 0.54443359375 0.26348547717842324 0.009033203125 0.015560165975103735
47 0.794921875 0.38450899031811897 0.0234375 0.024896265560165973
47 0.38134765625 0.3872752420470263 0.022216796875 0.02455048409405256
58 0.544921875 0.177731673582296 0.015869140625 0.02351313969571231
58 0.6162109375 0.17496542185338865 0.015625 0.021092669432918397
48 0.3701171875 0.43983402489626555 0.0224609375 0.02455048409405256
72 0.32958984375 0.2842323651452282 0.0263671875 0.02074688796680498
72 0.82373046875 0.28284923928077454 0.02734375 0.017634854771784232
4 0.404296875 0.44744121715076074 0.011474609375 0.017980636237897647
64 0.4814453125 0.318118948824343 0.015625 0.02247579529737206
64 0.6923828125 0.318118948824343 0.019287109375 0.02247579529737206
69 0.6376953125 0.2351313969571231 0.015380859375 0.014177040110650069
70 0.58740234375 0.23236514522821577 0.032470703125 0.024896265560165973
25 0.66552734375 0.23789764868603042 0.0107421875 0.022130013831258646
58 0.61474609375 0.2897648686030429 0.0166015625 0.02351313969571231
58 0.544921875 0.28907330567081607 0.0146484375 0.02247579529737206
69 0.63720703125 0.11341632088520055 0.016357421875 0.017980636237897647
91 0.4150390625 0.35892116182572614 0.1162109375 0.1078838174273859
91 0.7568359375 0.3630705394190871 0.10546875 0.1037344398340249
91 0.29296875 0.6957123098201936 0.115234375 0.10753803596127248
91 0.62548828125 0.6964038727524204 0.112060546875 0.1078838174273859
70 0.5888671875 0.11272475795297372 0.0302734375 0.023167358229598894