37 0.0673828125 0.2710926694329184 0.0283203125 0.025587828492392807
37 0.10009765625 0.24412171507607192 0.01611328125 0.028354080221300138
37 0.13134765625 0.23443983402489627 0.009765625 0.016597510373443983
58 0.12939453125 0.2600276625172891 0.02197265625 0.02627939142461964
37 0.1103515625 0.1991701244813278 0.01806640625 0.017980636237897647
37 0.04833984375 0.35892116182572614 0.048828125 0.07123098201936376
37 0.69873046875 0.18603042876901799 0.015625 0.017289073305670817
37 0.7841796875 0.35269709543568467 0.02294921875 0.017980636237897647
37 0.64013671875 0.2869986168741355 0.01806640625 0.016597510373443983
37 0.658203125 0.23720608575380359 0.01171875 0.022821576763485476
37 0.689453125 0.4094052558782849 0.0146484375 0.020055325034578148
37 0.634765625 0.39073305670816044 0.0146484375 0.01867219917012448
37 0.44091796875 0.28769017980636236 0.01806640625 0.017980636237897647
37 0.462890625 0.3914246196403873 0.01416015625 0.01590594744121715
37 0.39794921875 0.4094052558782849 0.01220703125 0.017980636237897647
37 0.306640625 0.355463347164592 0.02392578125 0.01867219917012448
48 0.7421875 0.2268326417704011 0.02197265625 0.025587828492392807
69 0.7705078125 0.2669432918395574 0.01611328125 0.017289073305670817
69 0.6787109375 0.23720608575380359 0.01806640625 0.02074688796680498
69 0.64013671875 0.25864453665283543 0.017578125 0.02627939142461964
69 0.6416015625 0.313969571230982 0.017578125 0.024896265560165973
69 0.44189453125 0.2579529737206086 0.01806640625 0.025587828492392807
69 0.44189453125 0.313969571230982 0.01806640625 0.025587828492392807
69 0.34814453125 0.23789764868603042 0.01513671875 0.021438450899031812
13 0.42041015625 0.23789764868603042 0.0078125 0.017980636237897647
64 0.38134765625 0.37344398340248963 0.015625 0.022821576763485476
64 0.41650390625 0.3727524204702628 0.01708984375 0.016597510373443983
64 0.70068359375 0.3706777316735823 0.01416015625 0.01590594744121715
72 0.3056640625 0.37413554633471646 0.02880859375 0.01867219917012448
64 0.6669921875 0.3727524204702628 0.01611328125 0.022130013831258646
72 0.78369140625 0.3706777316735823 0.025390625 0.017289073305670817
48 0.39111328125 0.2289073305670816 0.021484375 0.02627939142461964
4 0.69873046875 0.22130013831258644 0.01220703125 0.01590594744121715
17 0.36767578125 0.21922544951590595 0.01220703125 0.016597510373443983
47 0.73828125 0.30567081604426005 0.02001953125 0.024204702627939143
47 0.3369140625 0.29045643153526973 0.02197265625 0.022821576763485476
37 0.19873046875 0.5691562932226832 0.01416015625 0.02627939142461964
37 0.22998046875 0.5705394190871369 0.01025390625 0.01867219917012448
4 0.24658203125 0.5532503457814661 0.0185546875 0.022130013831258646
48 0.287109375 0.5608575380359613 0.0244140625 0.024896265560165973
37 0.30810546875 0.5995850622406639 0.01611328125 0.01590594744121715
37 0.517578125 0.598893499308437 0.01806640625 0.016597510373443983
37 0.55029296875 0.5746887966804979 0.01611328125 0.022130013831258646
37 0.5830078125 0.5705394190871369 0.0126953125 0.02074688796680498
37 0.67041015625 0.677731673582296 0.0263671875 0.015214384508990318
37 0.47802734375 0.7648686030428768 0.017578125 0.01590594744121715
37 0.486328125 0.8865836791147994 0.01806640625 0.01867219917012448
37 0.455078125 0.8630705394190872 0.00927734375 0.020055325034578148
37 0.3837890625 0.8582295988934993 0.0087890625 0.016597510373443983
37 0.28857421875 0.7648686030428768 0.0166015625 0.017980636237897647
37 0.17724609375 0.6853388658367912 0.025390625 0.016597510373443983
37 0.32275390625 0.7178423236514523 0.01318359375 0.022130013831258646
37 0.38671875 0.7385892116182573 0.01171875 0.022821576763485476
37 0.45556640625 0.7365145228215768 0.00927734375 0.01590594744121715
47 0.205078125 0.6154910096818811 0.0234375 0.024896265560165973
47 0.61865234375 0.6127247579529738 0.02197265625 0.024204702627939143
58 0.455078125 0.822268326417704 0.01611328125 0.02351313969571231
58 0.3837890625 0.8250345781466113 0.015625 0.021438450899031812
48 0.6298828125 0.5601659751037344 0.0224609375 0.024204702627939143
72 0.67041015625 0.7157676348547718 0.0263671875 0.02074688796680498
72 0.17626953125 0.7171507607192255 0.02734375 0.017289073305670817
4 0.595703125 0.5525587828492393 0.01123046875 0.017980636237897647
64 0.5185546875 0.681881051175657 0.015625 0.022821576763485476
64 0.3076171875 0.681881051175657 0.01904296875 0.022821576763485476
69 0.3623046875 0.7648686030428768 0.01513671875 0.014522821576763486
70 0.41259765625 0.7676348547717843 0.03271484375 0.024896265560165973
25 0.33447265625 0.7621023513139695 0.0107421875 0.022130013831258646
58 0.38525390625 0.7102351313969572 0.0166015625 0.02351313969571231
58 0.455078125 0.710926694329184 0.0146484375 0.022821576763485476
69 0.36279296875 0.8865836791147994 0.01611328125 0.017980636237897647
91 0.5849609375 0.6410788381742739 0.1162109375 0.1078838174273859
91 0.2431640625 0.6369294605809128 0.10546875 0.1037344398340249
91 0.70703125 0.30428769017980634 0.115234375 0.10719225449515905
91 0.37451171875 0.3035961272475795 0.11181640625 0.1078838174273859
70 0.4111328125 0.8872752420470262 0.0302734375 0.022821576763485476