10 0.173828125 0.13900414937759337 0.01611328125 0.020055325034578148
10 0.06396484375 0.13900414937759337 0.01513671875 0.019363762102351315
10 0.75 0.4190871369294606 0.0166015625 0.02351313969571231
10 0.74951171875 0.4488243430152144 0.017578125 0.02351313969571231
10 0.83984375 0.487551867219917 0.01416015625 0.019363762102351315
10 0.57177734375 0.4004149377593361 0.017578125 0.01867219917012448
10 0.23876953125 0.4142461964038728 0.01171875 0.009681881051175657
10 0.24560546875 0.49239280774550487 0.013671875 0.008990318118948824
10 0.17529296875 0.44467496542185336 0.01708984375 0.01867219917012448
10 0.064453125 0.44536652835408025 0.01513671875 0.020055325034578148
10 0.07861328125 0.44398340248962653 0.01171875 0.01037344398340249
10 0.1123046875 0.5982019363762102 0.0166015625 0.02074688796680498
10 0.1787109375 0.598893499308437 0.01904296875 0.021438450899031812
10 0.177734375 0.7005532503457814 0.01806640625 0.02074688796680498
10 0.11181640625 0.7012448132780082 0.01953125 0.02351313969571231
10 0.3232421875 0.640387275242047 0.0126953125 0.011065006915629323
10 0.390625 0.640387275242047 0.0185546875 0.019363762102351315
10 0.5712890625 0.6272475795297372 0.01708984375 0.020055325034578148
10 0.65185546875 0.6265560165975104 0.015625 0.01037344398340249
10 0.66943359375 0.7026279391424619 0.0205078125 0.024896265560165973
10 0.8037109375 0.73582295988935 0.01708984375 0.01867219917012448
10 0.57177734375 0.9031811894882434 0.01708984375 0.02074688796680498
10 0.57421875 0.7669432918395575 0.01708984375 0.022130013831258646
10 0.39599609375 0.9163208852005532 0.01611328125 0.020055325034578148
10 0.34765625 0.8540802213001383 0.01513671875 0.011756569847856155
10 0.39501953125 0.780774550484094 0.01611328125 0.02074688796680498
10 0.0849609375 0.6410788381742739 0.01220703125 0.009681881051175657
10 0.06494140625 0.6417704011065007 0.01611328125 0.019363762102351315
10 0.65234375 0.5795297372060858 0.0146484375 0.01313969571230982
10 0.6806640625 0.4004149377593361 0.0107421875 0.011065006915629323
10 0.6630859375 0.338865836791148 0.0126953125 0.01037344398340249
10 0.18505859375 0.23374827109266944 0.0166015625 0.02351313969571231
10 0.18505859375 0.36376210235131395 0.0146484375 0.024204702627939143
10 0.0791015625 0.1396957123098202 0.0126953125 0.014522821576763486
58 0.1318359375 0.09405255878284924 0.01513671875 0.024204702627939143
60 0.080078125 0.09681881051175657 0.033203125 0.024896265560165973
35 0.3818359375 0.16804979253112035 0.0166015625 0.02627939142461964
58 0.41845703125 0.10857538035961273 0.01513671875 0.022821576763485476
12 0.455078125 0.17219917012448133 0.03125 0.042185338865836794
37 0.49462890625 0.12378976486860305 0.01025390625 0.017980636237897647
37 0.41796875 0.13831258644536654 0.00830078125 0.015214384508990318
37 0.49267578125 0.2392807745504841 0.0078125 0.01590594744121715
37 0.41845703125 0.2524204702627939 0.0078125 0.01590594744121715
37 0.8154296875 0.23098201936376211 0.0322265625 0.028354080221300138
37 0.833984375 0.2897648686030429 0.02783203125 0.020055325034578148
13 0.90234375 0.25311203319502074 0.02197265625 0.021438450899031812
13 0.80224609375 0.27593360995850624 0.02001953125 0.016597510373443983
37 0.76416015625 0.25103734439834025 0.0185546875 0.027662517289073305
59 0.76123046875 0.22544951590594745 0.0166015625 0.02351313969571231
58 0.76171875 0.2012448132780083 0.015625 0.022130013831258646
49 0.8740234375 0.21922544951590595 0.01611328125 0.024896265560165973
60 0.6640625 0.2987551867219917 0.0341796875 0.024204702627939143
60 0.68115234375 0.35892116182572614 0.0302734375 0.026970954356846474
13 0.87646484375 0.34163208852005533 0.01904296875 0.01867219917012448
49 0.63720703125 0.37344398340248963 0.01708984375 0.022130013831258646
35 0.5791015625 0.30013831258644535 0.0224609375 0.029045643153526972
35 0.59814453125 0.42946058091286304 0.021484375 0.030428769017980636
13 0.5458984375 0.40318118948824344 0.0166015625 0.017980636237897647
69 0.54638671875 0.2752420470262794 0.01611328125 0.017980636237897647
58 0.49267578125 0.21023513139695713 0.0166015625 0.022130013831258646
37 0.48974609375 0.37206085753803597 0.00927734375 0.02074688796680498
58 0.490234375 0.34232365145228216 0.01806640625 0.025587828492392807
12 0.45556640625 0.2946058091286307 0.0322265625 0.04979253112033195
58 0.4189453125 0.22337482710926695 0.01611328125 0.022130013831258646
58 0.41845703125 0.3582295988934993 0.0166015625 0.02351313969571231
12 0.4580078125 0.4218533886583679 0.033203125 0.051175656984785614
35 0.38232421875 0.2869986168741355 0.01708984375 0.025587828492392807
60 0.23876953125 0.36376210235131395 0.02978515625 0.029045643153526972
60 0.2451171875 0.44813278008298757 0.02978515625 0.022130013831258646
37 0.41845703125 0.3893499308437068 0.0078125 0.017289073305670817
58 0.13232421875 0.39903181189488246 0.0146484375 0.02351313969571231
60 0.07861328125 0.39903181189488246 0.03076171875 0.024896265560165973
49 0.05712890625 0.4170124481327801 0.01416015625 0.02074688796680498
13 0.22705078125 0.4951590594744122 0.01611328125 0.015214384508990318
13 0.8994140625 0.5822959889349931 0.01513671875 0.013831258644536652
13 0.54541015625 0.9052558782849239 0.01611328125 0.015214384508990318
13 0.546875 0.7690179806362379 0.01708984375 0.015214384508990318
13 0.3310546875 0.8575380359612724 0.01611328125 0.014522821576763486
37 0.48583984375 0.8699861687413555 0.00830078125 0.015214384508990318
37 0.41357421875 0.8831258644536653 0.00830078125 0.015214384508990318
59 0.4150390625 0.8526970954356846 0.01513671875 0.019363762102351315
59 0.48681640625 0.8395573997233748 0.01513671875 0.022821576763485476
59 0.4912109375 0.7040110650069157 0.0146484375 0.02074688796680498
59 0.4189453125 0.7178423236514523 0.01708984375 0.02074688796680498
37 0.41943359375 0.7468879668049793 0.01171875 0.015214384508990318
37 0.4921875 0.7337482710926694 0.01025390625 0.015214384508990318
12 0.453125 0.7883817427385892 0.0322265625 0.05325034578146611
12 0.44189453125 0.9239280774550485 0.04052734375 0.05255878284923928
12 0.4521484375 0.6507607192254495 0.03466796875 0.04910096818810512
93 0.2294921875 0.5975103734439834 0.01513671875 0.022821576763485476
60 0.3232421875 0.5892116182572614 0.02978515625 0.03112033195020747
59 0.4189453125 0.5816044260027663 0.01513671875 0.020055325034578148
59 0.4912109375 0.5650069156293223 0.01513671875 0.022821576763485476
37 0.49072265625 0.5968188105117566 0.01025390625 0.013831258644536652
13 0.5458984375 0.6293222683264177 0.01513671875 0.015214384508990318
49 0.712890625 0.6479944674965422 0.01611328125 0.02351313969571231
60 0.68115234375 0.6016597510373444 0.03125 0.022130013831258646
35 0.7822265625 0.6058091286307054 0.0263671875 0.03112033195020747
35 0.6455078125 0.9280774550484094 0.02587890625 0.029045643153526972
69 0.55029296875 0.15560165975103735 0.01708984375 0.016597510373443983
58 0.4951171875 0.09266943291839558 0.01513671875 0.020055325034578148
58 0.14404296875 0.5428769017980636 0.01708984375 0.021438450899031812
37 0.13232421875 0.5705394190871369 0.009765625 0.01867219917012448
37 0.15576171875 0.5698478561549101 0.0078125 0.017289073305670817
60 0.08544921875 0.5912863070539419 0.02978515625 0.03112033195020747
49 0.056640625 0.6141078838174274 0.0166015625 0.021438450899031812
58 0.14501953125 0.6445366528354081 0.01513671875 0.022130013831258646
37 0.1318359375 0.6728907330567082 0.005859375 0.017980636237897647
37 0.15576171875 0.6721991701244814 0.00634765625 0.015214384508990318
60 0.34716796875 0.8112033195020747 0.03076171875 0.022130013831258646
37 0.41796875 0.6106500691562933 0.0078125 0.016597510373443983
49 0.056640625 0.10995850622406639 0.0146484375 0.025587828492392807
60 0.65087890625 0.5366528354080221 0.015625 0.025587828492392807