10 0.826171875 0.13900414937759337 0.015869140625 0.020401106500691563
10 0.93603515625 0.13900414937759337 0.014892578125 0.019363762102351315
10 0.25 0.4190871369294606 0.0166015625 0.02351313969571231
10 0.25048828125 0.4488243430152144 0.017578125 0.02351313969571231
10 0.16015625 0.487551867219917 0.013916015625 0.019363762102351315
10 0.42822265625 0.4004149377593361 0.017578125 0.018326417704011066
10 0.76123046875 0.4142461964038728 0.01171875 0.009681881051175657
10 0.75439453125 0.49239280774550487 0.013671875 0.008644536652835409
10 0.82470703125 0.44467496542185336 0.016845703125 0.018326417704011066
10 0.935546875 0.44536652835408025 0.015380859375 0.01970954356846473
10 0.92138671875 0.44398340248962653 0.01171875 0.010719225449515906
10 0.8876953125 0.5982019363762102 0.0166015625 0.02074688796680498
10 0.8212890625 0.598893499308437 0.019287109375 0.021784232365145227
10 0.822265625 0.7005532503457814 0.017822265625 0.02074688796680498
10 0.88818359375 0.7012448132780082 0.01953125 0.02351313969571231
10 0.6767578125 0.640387275242047 0.0126953125 0.011065006915629323
10 0.609375 0.640387275242047 0.0185546875 0.019363762102351315
10 0.4287109375 0.6272475795297372 0.017333984375 0.020401106500691563
10 0.34814453125 0.6265560165975104 0.015625 0.010719225449515906
10 0.33056640625 0.7026279391424619 0.0205078125 0.024896265560165973
10 0.1962890625 0.73582295988935 0.017333984375 0.019017980636237896
10 0.42822265625 0.9031811894882434 0.016845703125 0.02074688796680498
10 0.42578125 0.7669432918395575 0.017333984375 0.022130013831258646
10 0.60400390625 0.9163208852005532 0.016357421875 0.020401106500691563
10 0.65234375 0.8540802213001383 0.015380859375 0.012102351313969572
10 0.60498046875 0.780774550484094 0.016357421875 0.02074688796680498
10 0.9150390625 0.6410788381742739 0.011962890625 0.009681881051175657
10 0.93505859375 0.6417704011065007 0.016357421875 0.019363762102351315
10 0.34765625 0.5795297372060858 0.0146484375 0.013485477178423237
10 0.3193359375 0.4004149377593361 0.0107421875 0.011065006915629323
10 0.3369140625 0.338865836791148 0.0126953125 0.010719225449515906
10 0.81494140625 0.23374827109266944 0.0166015625 0.02351313969571231
10 0.81494140625 0.36376210235131395 0.0146484375 0.02455048409405256
10 0.9208984375 0.1396957123098202 0.0126953125 0.014177040110650069
58 0.8681640625 0.09405255878284924 0.015380859375 0.02455048409405256
60 0.919921875 0.09681881051175657 0.033203125 0.024896265560165973
35 0.6181640625 0.16804979253112035 0.0166015625 0.02627939142461964
58 0.58154296875 0.10857538035961273 0.014892578125 0.023167358229598894
12 0.544921875 0.17219917012448133 0.03125 0.04253112033195021
37 0.50537109375 0.12378976486860305 0.010498046875 0.017980636237897647
37 0.58203125 0.13831258644536654 0.008056640625 0.015214384508990318
37 0.50732421875 0.2392807745504841 0.0078125 0.01625172890733057
37 0.58154296875 0.2524204702627939 0.0078125 0.015560165975103735
37 0.1845703125 0.23098201936376211 0.0322265625 0.028008298755186723
37 0.166015625 0.2897648686030429 0.027587890625 0.020401106500691563
13 0.09765625 0.25311203319502074 0.021728515625 0.021784232365145227
13 0.19775390625 0.27593360995850624 0.020263671875 0.016597510373443983
37 0.23583984375 0.25103734439834025 0.0185546875 0.027662517289073305
59 0.23876953125 0.22544951590594745 0.0166015625 0.02351313969571231
58 0.23828125 0.2012448132780083 0.015625 0.022130013831258646
49 0.1259765625 0.21922544951590595 0.015869140625 0.024896265560165973
60 0.3359375 0.2987551867219917 0.0341796875 0.02455048409405256
60 0.31884765625 0.35892116182572614 0.0302734375 0.026625172890733056
13 0.12353515625 0.34163208852005533 0.018798828125 0.019017980636237896
49 0.36279296875 0.37344398340248963 0.016845703125 0.022130013831258646
35 0.4208984375 0.30013831258644535 0.0224609375 0.029045643153526972
35 0.40185546875 0.42946058091286304 0.021484375 0.030428769017980636
13 0.4541015625 0.40318118948824344 0.0166015625 0.017980636237897647
69 0.45361328125 0.2752420470262794 0.016357421875 0.017980636237897647
58 0.50732421875 0.21023513139695713 0.0166015625 0.022130013831258646
37 0.51025390625 0.37206085753803597 0.009033203125 0.02074688796680498
58 0.509765625 0.34232365145228216 0.017822265625 0.025933609958506226
12 0.54443359375 0.2946058091286307 0.0322265625 0.04979253112033195
58 0.5810546875 0.22337482710926695 0.015869140625 0.022130013831258646
58 0.58154296875 0.3582295988934993 0.0166015625 0.02351313969571231
12 0.5419921875 0.4218533886583679 0.033203125 0.051175656984785614
35 0.61767578125 0.2869986168741355 0.016845703125 0.025933609958506226
60 0.76123046875 0.36376210235131395 0.030029296875 0.029045643153526972
60 0.7548828125 0.44813278008298757 0.029541015625 0.022130013831258646
37 0.58154296875 0.3893499308437068 0.0078125 0.017634854771784232
58 0.86767578125 0.39903181189488246 0.0146484375 0.02351313969571231
60 0.92138671875 0.39903181189488246 0.030517578125 0.024896265560165973
49 0.94287109375 0.4170124481327801 0.014404296875 0.02074688796680498
13 0.77294921875 0.4951590594744122 0.016357421875 0.015214384508990318
13 0.1005859375 0.5822959889349931 0.015380859375 0.013831258644536652
13 0.45458984375 0.9052558782849239 0.016357421875 0.015214384508990318
13 0.453125 0.7690179806362379 0.017333984375 0.015214384508990318
13 0.6689453125 0.8575380359612724 0.015869140625 0.014177040110650069
37 0.51416015625 0.8699861687413555 0.008544921875 0.015214384508990318
37 0.58642578125 0.8831258644536653 0.008544921875 0.015214384508990318
59 0.5849609375 0.8526970954356846 0.015380859375 0.019363762102351315
59 0.51318359375 0.8395573997233748 0.014892578125 0.02247579529737206
59 0.5087890625 0.7040110650069157 0.0146484375 0.02074688796680498
59 0.5810546875 0.7178423236514523 0.017333984375 0.02074688796680498
37 0.58056640625 0.7468879668049793 0.01171875 0.015214384508990318
37 0.5078125 0.7337482710926694 0.010009765625 0.015214384508990318
12 0.546875 0.7883817427385892 0.0322265625 0.052904564315352696
12 0.55810546875 0.9239280774550485 0.040283203125 0.05255878284923928
12 0.5478515625 0.6507607192254495 0.034912109375 0.0487551867219917
93 0.7705078125 0.5975103734439834 0.015380859375 0.02247579529737206
60 0.6767578125 0.5892116182572614 0.029541015625 0.030774550484094054
59 0.5810546875 0.5816044260027663 0.015380859375 0.020401106500691563
59 0.5087890625 0.5650069156293223 0.015380859375 0.023167358229598894
37 0.50927734375 0.5968188105117566 0.010498046875 0.013831258644536652
13 0.4541015625 0.6293222683264177 0.015380859375 0.015214384508990318
49 0.287109375 0.6479944674965422 0.015869140625 0.02351313969571231
60 0.31884765625 0.6016597510373444 0.03125 0.022130013831258646
35 0.2177734375 0.6058091286307054 0.0263671875 0.030774550484094054
35 0.3544921875 0.9280774550484094 0.025634765625 0.029045643153526972
69 0.44970703125 0.15560165975103735 0.016845703125 0.016597510373443983
58 0.5048828125 0.09266943291839558 0.015380859375 0.01970954356846473
58 0.85595703125 0.5428769017980636 0.016845703125 0.021092669432918397
37 0.86767578125 0.5705394190871369 0.009765625 0.018326417704011066
37 0.84423828125 0.5698478561549101 0.0078125 0.0169432918395574
60 0.91455078125 0.5912863070539419 0.030029296875 0.031466113416320884
49 0.943359375 0.6141078838174274 0.0166015625 0.021784232365145227
58 0.85498046875 0.6445366528354081 0.014892578125 0.022130013831258646
37 0.8681640625 0.6728907330567082 0.005859375 0.017980636237897647
37 0.84423828125 0.6721991701244814 0.006591796875 0.015214384508990318
60 0.65283203125 0.8112033195020747 0.030517578125 0.022130013831258646
37 0.58203125 0.6106500691562933 0.0078125 0.016597510373443983
49 0.943359375 0.10995850622406639 0.0146484375 0.025933609958506226
60 0.34912109375 0.5366528354080221 0.015625 0.025242047026279392