37 0.0361328125 0.21161825726141079 0.00830078125 0.017980636237897647
37 0.052734375 0.21161825726141079 0.0068359375 0.01590594744121715
37 0.03564453125 0.26625172890733056 0.00537109375 0.016597510373443983
37 0.05224609375 0.26556016597510373 0.005859375 0.015214384508990318
37 0.04443359375 0.32295988934993086 0.00634765625 0.017289073305670817
37 0.06103515625 0.32295988934993086 0.0048828125 0.01590594744121715
37 0.06005859375 0.3769017980636238 0.00537109375 0.014522821576763486
37 0.0439453125 0.3775933609958506 0.0068359375 0.013831258644536652
10 0.1513671875 0.669432918395574 0.01220703125 0.024204702627939143
10 0.17236328125 0.5843706777316736 0.00927734375 0.024896265560165973
10 0.205078125 0.5435684647302904 0.01123046875 0.024896265560165973
69 0.15087890625 0.24204702627939143 0.01171875 0.02351313969571231
69 0.17236328125 0.2413554633471646 0.01171875 0.022130013831258646
95 0.1103515625 0.24204702627939143 0.0126953125 0.02351313969571231
95 0.21337890625 0.24273858921161826 0.013671875 0.024896265560165973
95 0.2607421875 0.24204702627939143 0.01318359375 0.025587828492392807
96 0.15087890625 0.2863070539419087 0.015625 0.017289073305670817
34 0.15966796875 0.45850622406639 0.0712890625 0.14661134163208853
34 0.3095703125 0.4578146611341632 0.0712890625 0.1459197786998617
15 0.052734375 0.5394190871369294 0.0439453125 0.25103734439834025
10 0.30078125 0.6811894882434302 0.01123046875 0.02351313969571231
10 0.314453125 0.7683264177040111 0.01318359375 0.022821576763485476
10 0.38037109375 0.834716459197787 0.017578125 0.01313969571230982
10 0.4658203125 0.9239280774550485 0.01611328125 0.01590594744121715
10 0.52294921875 0.91701244813278 0.01513671875 0.016597510373443983
10 0.533203125 0.15283540802213003 0.01708984375 0.01313969571230982
10 0.35498046875 0.5442600276625172 0.0107421875 0.02351313969571231
10 0.32275390625 0.5850622406639004 0.01171875 0.022821576763485476
10 0.4443359375 0.6023513139695712 0.01611328125 0.01590594744121715
10 0.36376953125 0.648686030428769 0.01123046875 0.024204702627939143
10 0.37890625 0.6023513139695712 0.01611328125 0.01313969571230982
35 0.580078125 0.30774550484094054 0.0185546875 0.024896265560165973
91 0.5751953125 0.21991701244813278 0.0498046875 0.07261410788381743
46 0.541015625 0.20055325034578148 0.0146484375 0.02074688796680498
95 0.36181640625 0.24273858921161826 0.0166015625 0.022821576763485476
73 0.46142578125 0.2074688796680498 0.01953125 0.024896265560165973
69 0.322265625 0.24273858921161826 0.013671875 0.02351313969571231
69 0.30078125 0.24273858921161826 0.01123046875 0.024204702627939143
96 0.30078125 0.28769017980636236 0.0146484375 0.016597510373443983
42 0.41162109375 0.6058091286307054 0.04345703125 0.06431535269709543
35 0.408203125 0.8575380359612724 0.0166015625 0.027662517289073305
12 0.48291015625 0.9225449515905948 0.01416015625 0.01867219917012448
69 0.5009765625 0.9177040110650069 0.015625 0.016597510373443983
91 0.4228515625 0.9128630705394191 0.0693359375 0.07123098201936376
45 0.541015625 0.22268326417704012 0.01513671875 0.02074688796680498