37 0.9638671875 0.21161825726141079 0.008056640625 0.017980636237897647
37 0.947265625 0.21161825726141079 0.0068359375 0.01625172890733057
37 0.96435546875 0.26625172890733056 0.005126953125 0.016597510373443983
37 0.94775390625 0.26556016597510373 0.005859375 0.015214384508990318
37 0.95556640625 0.32295988934993086 0.006591796875 0.017634854771784232
37 0.93896484375 0.32295988934993086 0.0048828125 0.015560165975103735
37 0.93994140625 0.3769017980636238 0.005126953125 0.014868603042876901
37 0.9560546875 0.3775933609958506 0.0068359375 0.013831258644536652
10 0.8486328125 0.669432918395574 0.011962890625 0.02455048409405256
10 0.82763671875 0.5843706777316736 0.009033203125 0.024896265560165973
10 0.794921875 0.5435684647302904 0.011474609375 0.024896265560165973
69 0.84912109375 0.24204702627939143 0.01171875 0.02351313969571231
69 0.82763671875 0.2413554633471646 0.01171875 0.022130013831258646
95 0.8896484375 0.24204702627939143 0.0126953125 0.02351313969571231
95 0.78662109375 0.24273858921161826 0.013671875 0.024896265560165973
95 0.7392578125 0.24204702627939143 0.013427734375 0.025242047026279392
96 0.84912109375 0.2863070539419087 0.015625 0.0169432918395574
34 0.84033203125 0.45850622406639 0.0712890625 0.14661134163208853
34 0.6904296875 0.4578146611341632 0.0712890625 0.1462655601659751
15 0.947265625 0.5394190871369294 0.0439453125 0.25138312586445366
10 0.69921875 0.6811894882434302 0.011474609375 0.02351313969571231
10 0.685546875 0.7683264177040111 0.013427734375 0.023167358229598894
10 0.61962890625 0.834716459197787 0.017578125 0.012793914246196404
10 0.5341796875 0.9239280774550485 0.015869140625 0.01625172890733057
10 0.47705078125 0.91701244813278 0.014892578125 0.016597510373443983
10 0.466796875 0.15283540802213003 0.017333984375 0.012793914246196404
10 0.64501953125 0.5442600276625172 0.0107421875 0.02351313969571231
10 0.67724609375 0.5850622406639004 0.01171875 0.02247579529737206
10 0.5556640625 0.6023513139695712 0.015869140625 0.015560165975103735
10 0.63623046875 0.648686030428769 0.010986328125 0.02455048409405256
10 0.62109375 0.6023513139695712 0.015869140625 0.012793914246196404
35 0.419921875 0.30774550484094054 0.0185546875 0.024896265560165973
91 0.4248046875 0.21991701244813278 0.0498046875 0.07226832641770402
46 0.458984375 0.20055325034578148 0.0146484375 0.02074688796680498
95 0.63818359375 0.24273858921161826 0.0166015625 0.023167358229598894
73 0.53857421875 0.2074688796680498 0.01953125 0.024896265560165973
69 0.677734375 0.24273858921161826 0.013671875 0.02351313969571231
69 0.69921875 0.24273858921161826 0.011474609375 0.023858921161825725
96 0.69921875 0.28769017980636236 0.0146484375 0.016597510373443983
42 0.58837890625 0.6058091286307054 0.043701171875 0.06396957123098201
35 0.591796875 0.8575380359612724 0.0166015625 0.027662517289073305
12 0.51708984375 0.9225449515905948 0.014404296875 0.019017980636237896
69 0.4990234375 0.9177040110650069 0.015625 0.016597510373443983
91 0.5771484375 0.9128630705394191 0.0693359375 0.07157676348547717
45 0.458984375 0.22268326417704012 0.015380859375 0.02074688796680498