37 0.966796875 0.2710926694329184 0.0078125 0.0169432918395574
37 0.94970703125 0.2710926694329184 0.006591796875 0.015214384508990318
37 0.96728515625 0.3665283540802213 0.007080078125 0.017980636237897647
37 0.9501953125 0.3665283540802213 0.0068359375 0.016597510373443983
37 0.9345703125 0.48132780082987553 0.005859375 0.016597510373443983
37 0.96484375 0.48132780082987553 0.006103515625 0.016597510373443983
37 0.9345703125 0.5919778699861687 0.006103515625 0.016597510373443983
25 0.96533203125 0.5926694329183956 0.006591796875 0.015214384508990318
10 0.4775390625 0.9177040110650069 0.015869140625 0.013831258644536652
69 0.4990234375 0.9163208852005532 0.015869140625 0.017980636237897647
23 0.5185546875 0.9107883817427386 0.015380859375 0.04045643153526971
10 0.5341796875 0.9239280774550485 0.015869140625 0.01625172890733057
35 0.5908203125 0.8561549100968188 0.0185546875 0.03319502074688797
91 0.57568359375 0.9094052558782849 0.067138671875 0.06466113416320886
10 0.6201171875 0.834716459197787 0.015869140625 0.016597510373443983
10 0.6865234375 0.7690179806362379 0.009521484375 0.024896265560165973
10 0.84912109375 0.669432918395574 0.010498046875 0.02351313969571231
10 0.69921875 0.6811894882434302 0.009765625 0.023858921161825725
10 0.63623046875 0.6500691562932227 0.010986328125 0.025242047026279392
10 0.62109375 0.6023513139695712 0.015625 0.012793914246196404
10 0.55517578125 0.6037344398340249 0.016845703125 0.014868603042876901
10 0.677734375 0.5850622406639004 0.01171875 0.02455048409405256
10 0.64306640625 0.5449515905947441 0.012451171875 0.025242047026279392
10 0.7939453125 0.5449515905947441 0.0126953125 0.02455048409405256
10 0.82763671875 0.5836791147994468 0.010498046875 0.02247579529737206
35 0.419921875 0.3084370677731674 0.017333984375 0.02455048409405256
10 0.46630859375 0.15352697095435686 0.0166015625 0.015214384508990318
73 0.5390625 0.2053941908713693 0.017822265625 0.02074688796680498
95 0.63671875 0.24204702627939143 0.013671875 0.02455048409405256
69 0.67626953125 0.24273858921161826 0.015625 0.02351313969571231
69 0.69921875 0.24273858921161826 0.0126953125 0.024896265560165973
95 0.7392578125 0.2413554633471646 0.013427734375 0.022130013831258646
95 0.7861328125 0.24204702627939143 0.013916015625 0.024896265560165973
69 0.82763671875 0.24343015214384509 0.012451171875 0.024896265560165973
69 0.849609375 0.24204702627939143 0.011962890625 0.022130013831258646
95 0.88916015625 0.24204702627939143 0.0126953125 0.02351313969571231
96 0.8486328125 0.2863070539419087 0.015625 0.0169432918395574
96 0.69873046875 0.2869986168741355 0.016357421875 0.017634854771784232
91 0.4228515625 0.20816044260027664 0.054443359375 0.08125864453665284
46 0.45947265625 0.19986168741355465 0.015625 0.020401106500691563
42 0.587890625 0.6023513139695712 0.044677734375 0.056708160442600276
34 0.8408203125 0.45850622406639 0.070556640625 0.14661134163208853
34 0.69091796875 0.45919778699861685 0.0712890625 0.14903181189488243
13 0.93359375 0.5179806362378977 0.008056640625 0.017634854771784232
13 0.96435546875 0.5186721991701245 0.009765625 0.01625172890733057
63 0.96337890625 0.5546334716459198 0.039794921875 0.02731673582295989
63 0.927734375 0.5553250345781466 0.029296875 0.029045643153526972
28 0.6796875 0.3651452282157676 0.0078125 0.030774550484094054
28 0.70068359375 0.3665283540802213 0.0107421875 0.029045643153526972
28 0.64013671875 0.42047026279391425 0.0078125 0.030428769017980636
28 0.79052734375 0.42047026279391425 0.009765625 0.029045643153526972
28 0.8291015625 0.3665283540802213 0.0068359375 0.03008298755186722
28 0.8505859375 0.36583679114799444 0.007568359375 0.027662517289073305
28 0.89111328125 0.4557399723374827 0.010986328125 0.029045643153526972
28 0.85107421875 0.5504840940525588 0.009765625 0.030774550484094054
28 0.8291015625 0.549792531120332 0.0068359375 0.030428769017980636
28 0.7958984375 0.5027662517289073 0.008056640625 0.031466113416320884
28 0.64599609375 0.5013831258644537 0.009765625 0.030428769017980636
28 0.67822265625 0.5484094052558783 0.017578125 0.03872752420470263
28 0.7021484375 0.549792531120332 0.0087890625 0.03423236514522822
41 0.95166015625 0.3201936376210235 0.017578125 0.0318118948824343
41 0.97021484375 0.31742738589211617 0.0185546875 0.03423236514522822
45 0.45849609375 0.22337482710926695 0.014892578125 0.021092669432918397