37 0.033203125 0.2710926694329184 0.0078125 0.017289073305670817
37 0.05029296875 0.2710926694329184 0.00634765625 0.015214384508990318
37 0.03271484375 0.3665283540802213 0.00732421875 0.017980636237897647
37 0.0498046875 0.3665283540802213 0.0068359375 0.016597510373443983
37 0.0654296875 0.48132780082987553 0.005859375 0.016597510373443983
37 0.03515625 0.48132780082987553 0.00634765625 0.016597510373443983
37 0.0654296875 0.5919778699861687 0.00634765625 0.016597510373443983
25 0.03466796875 0.5926694329183956 0.00634765625 0.015214384508990318
10 0.5224609375 0.9177040110650069 0.01611328125 0.013831258644536652
69 0.5009765625 0.9163208852005532 0.01611328125 0.017980636237897647
23 0.4814453125 0.9107883817427386 0.01513671875 0.04080221300138313
10 0.4658203125 0.9239280774550485 0.01611328125 0.01590594744121715
35 0.4091796875 0.8561549100968188 0.0185546875 0.03319502074688797
91 0.42431640625 0.9094052558782849 0.06689453125 0.06431535269709543
10 0.3798828125 0.834716459197787 0.01611328125 0.016597510373443983
10 0.3134765625 0.7690179806362379 0.00927734375 0.024896265560165973
10 0.15087890625 0.669432918395574 0.01025390625 0.02351313969571231
10 0.30078125 0.6811894882434302 0.009765625 0.024204702627939143
10 0.36376953125 0.6500691562932227 0.01123046875 0.025587828492392807
10 0.37890625 0.6023513139695712 0.015625 0.01313969571230982
10 0.44482421875 0.6037344398340249 0.01708984375 0.014522821576763486
10 0.322265625 0.5850622406639004 0.01171875 0.024204702627939143
10 0.35693359375 0.5449515905947441 0.01220703125 0.025587828492392807
10 0.2060546875 0.5449515905947441 0.0126953125 0.024204702627939143
10 0.17236328125 0.5836791147994468 0.01025390625 0.022821576763485476
35 0.580078125 0.3084370677731674 0.01708984375 0.024204702627939143
10 0.53369140625 0.15352697095435686 0.0166015625 0.015214384508990318
73 0.4609375 0.2053941908713693 0.01806640625 0.02074688796680498
95 0.36328125 0.24204702627939143 0.013671875 0.024204702627939143
69 0.32373046875 0.24273858921161826 0.015625 0.02351313969571231
69 0.30078125 0.24273858921161826 0.0126953125 0.024896265560165973
95 0.2607421875 0.2413554633471646 0.01318359375 0.022130013831258646
95 0.2138671875 0.24204702627939143 0.01416015625 0.024896265560165973
69 0.17236328125 0.24343015214384509 0.01220703125 0.024896265560165973
69 0.150390625 0.24204702627939143 0.01220703125 0.022130013831258646
95 0.11083984375 0.24204702627939143 0.0126953125 0.02351313969571231
96 0.1513671875 0.2863070539419087 0.015625 0.017289073305670817
96 0.30126953125 0.2869986168741355 0.01611328125 0.017289073305670817
91 0.5771484375 0.20816044260027664 0.05419921875 0.08091286307053942
46 0.54052734375 0.19986168741355465 0.015625 0.020055325034578148
42 0.412109375 0.6023513139695712 0.04443359375 0.056708160442600276
34 0.1591796875 0.45850622406639 0.07080078125 0.14661134163208853
34 0.30908203125 0.45919778699861685 0.0712890625 0.14868603042876902
13 0.06640625 0.5179806362378977 0.00830078125 0.017289073305670817
13 0.03564453125 0.5186721991701245 0.009765625 0.01590594744121715
63 0.03662109375 0.5546334716459198 0.03955078125 0.026970954356846474
63 0.072265625 0.5553250345781466 0.029296875 0.029045643153526972
28 0.3203125 0.3651452282157676 0.0078125 0.03112033195020747
28 0.29931640625 0.3665283540802213 0.0107421875 0.029045643153526972
28 0.35986328125 0.42047026279391425 0.0078125 0.030428769017980636
28 0.20947265625 0.42047026279391425 0.009765625 0.029045643153526972
28 0.1708984375 0.3665283540802213 0.0068359375 0.029737206085753802
28 0.1494140625 0.36583679114799444 0.00732421875 0.027662517289073305
28 0.10888671875 0.4557399723374827 0.01123046875 0.029045643153526972
28 0.14892578125 0.5504840940525588 0.009765625 0.03112033195020747
28 0.1708984375 0.549792531120332 0.0068359375 0.030428769017980636
28 0.2041015625 0.5027662517289073 0.00830078125 0.03112033195020747
28 0.35400390625 0.5013831258644537 0.009765625 0.030428769017980636
28 0.32177734375 0.5484094052558783 0.017578125 0.03872752420470263
28 0.2978515625 0.549792531120332 0.0087890625 0.0338865836791148
41 0.04833984375 0.3201936376210235 0.017578125 0.0318118948824343
41 0.02978515625 0.31742738589211617 0.0185546875 0.0338865836791148
45 0.54150390625 0.22337482710926695 0.01513671875 0.021438450899031812