37 0.158203125 0.1078838174273859 0.0126953125 0.017980636237897647
37 0.7841796875 0.36099585062240663 0.013671875 0.016597510373443983
37 0.36865234375 0.10857538035961273 0.0126953125 0.017289073305670817
37 0.3681640625 0.31673582295988933 0.013671875 0.016597510373443983
37 0.15478515625 0.31673582295988933 0.0126953125 0.01590594744121715
37 0.1572265625 0.5767634854771784 0.0185546875 0.01590594744121715
37 0.2001953125 0.549792531120332 0.0087890625 0.017289073305670817
37 0.2646484375 0.5504840940525588 0.00830078125 0.01590594744121715
37 0.4228515625 0.6210235131396957 0.013671875 0.01867219917012448
37 0.34912109375 0.6445366528354081 0.01318359375 0.008990318118948824
37 0.4736328125 0.4979253112033195 0.01123046875 0.011065006915629323
37 0.47314453125 0.4605809128630705 0.01171875 0.011065006915629323
37 0.5546875 0.5006915629322268 0.01416015625 0.015214384508990318
35 0.55419921875 0.4640387275242047 0.013671875 0.01590594744121715
37 0.26123046875 0.7482710926694329 0.0078125 0.017289073305670817
37 0.197265625 0.7475795297372061 0.00830078125 0.01590594744121715
37 0.15576171875 0.7738589211618258 0.01318359375 0.01867219917012448
70 0.23046875 0.7745504840940526 0.02490234375 0.02351313969571231
70 0.22802734375 0.11065006915629322 0.02783203125 0.022130013831258646
70 0.2255859375 0.318118948824343 0.02490234375 0.02351313969571231
70 0.232421875 0.5802213001383126 0.021484375 0.027662517289073305
58 0.17724609375 0.0636237897648686 0.02197265625 0.02351313969571231
58 0.3486328125 0.06154910096818811 0.02197265625 0.025587828492392807
58 0.1943359375 0.7185338865836791 0.0224609375 0.022821576763485476
58 0.25927734375 0.7185338865836791 0.02197265625 0.025587828492392807
58 0.26220703125 0.5221300138312587 0.0224609375 0.022821576763485476
58 0.19677734375 0.5214384508990318 0.021484375 0.022130013831258646
58 0.17626953125 0.2717842323651452 0.02392578125 0.022821576763485476
58 0.34375 0.26832641770401106 0.02197265625 0.022130013831258646
35 0.173828125 0.1313969571230982 0.01953125 0.028354080221300138
24 0.310546875 0.12863070539419086 0.01904296875 0.03112033195020747
35 0.65673828125 0.27800829875518673 0.01416015625 0.02627939142461964
35 0.68505859375 0.27800829875518673 0.01220703125 0.02627939142461964
35 0.87353515625 0.28077455048409405 0.0146484375 0.029045643153526972
35 0.87353515625 0.22130013831258644 0.01416015625 0.03734439834024896
35 0.603515625 0.7786998616874136 0.0185546875 0.027662517289073305
35 0.60400390625 0.8312586445366529 0.01953125 0.026970954356846474
35 0.60595703125 0.8872752420470262 0.01904296875 0.026970954356846474
35 0.505859375 0.8796680497925311 0.0185546875 0.026970954356846474
35 0.5078125 0.8215767634854771 0.0185546875 0.027662517289073305
35 0.50732421875 0.7704011065006916 0.01904296875 0.028354080221300138
35 0.17236328125 0.3367911479944675 0.017578125 0.028354080221300138
35 0.310546875 0.3367911479944675 0.01904296875 0.028354080221300138
13 0.33984375 0.10995850622406639 0.01416015625 0.01590594744121715
13 0.33251953125 0.31742738589211617 0.013671875 0.01590594744121715
13 0.29541015625 0.7752420470262794 0.01220703125 0.01590594744121715
69 0.6396484375 0.5006915629322268 0.013671875 0.017289073305670817
69 0.64111328125 0.46473029045643155 0.01318359375 0.01867219917012448
69 0.81201171875 0.359612724757953 0.013671875 0.01590594744121715
69 0.29736328125 0.5774550484094052 0.01123046875 0.017980636237897647
69 0.5341796875 0.6721991701244814 0.013671875 0.016597510373443983
69 0.5556640625 0.5449515905947441 0.01416015625 0.01590594744121715
64 0.52490234375 0.6313969571230982 0.0126953125 0.022130013831258646
71 0.51806640625 0.4536652835408022 0.01611328125 0.03734439834024896
71 0.51806640625 0.4896265560165975 0.01611328125 0.03665283540802213
59 0.70654296875 0.23443983402489627 0.0146484375 0.022821576763485476
59 0.359375 0.7213001383125864 0.01513671875 0.022821576763485476
71 0.66455078125 0.3623789764868603 0.025390625 0.03250345781466114
71 0.330078125 0.6950207468879668 0.02783203125 0.02351313969571231
24 0.181640625 0.08921161825726141 0.01171875 0.019363762102351315
24 0.1806640625 0.29737206085753803 0.01416015625 0.017980636237897647
24 0.34814453125 0.2939142461964039 0.01171875 0.017980636237897647
24 0.353515625 0.08782849239280774 0.01171875 0.01867219917012448
24 0.708984375 0.2600276625172891 0.01318359375 0.017980636237897647
24 0.3583984375 0.7461964038727524 0.0078125 0.01590594744121715
101 0.56591796875 0.7759336099585062 0.05419921875 0.03803596127247579
101 0.56640625 0.8291839557399724 0.0537109375 0.03941908713692946
101 0.564453125 0.8865836791147994 0.05322265625 0.03872752420470263
38 0.6025390625 0.6708160442600276 0.05419921875 0.03941908713692946
38 0.603515625 0.6175656984785616 0.052734375 0.03941908713692946
38 0.60302734375 0.5428769017980636 0.05322265625 0.03941908713692946
38 0.6025390625 0.5027662517289073 0.05322265625 0.03112033195020747
38 0.60302734375 0.46265560165975106 0.05419921875 0.03941908713692946
91 0.4853515625 0.6175656984785616 0.0546875 0.04080221300138313
6 0.3349609375 0.7351313969571232 0.009765625 0.017980636237897647
25 0.44580078125 0.7648686030428768 0.04248046875 0.05186721991701245
25 0.45166015625 0.8125864453665284 0.04150390625 0.05532503457814661
25 0.31103515625 0.76417704011065 0.052734375 0.04495159059474412