37 0.158203125 0.8921161825726142 0.0126953125 0.017980636237897647
37 0.7841796875 0.6390041493775933 0.013671875 0.016597510373443983
37 0.36865234375 0.8914246196403873 0.0126953125 0.017634854771784232
37 0.3681640625 0.6832641770401107 0.013671875 0.016597510373443983
37 0.15478515625 0.6832641770401107 0.0126953125 0.01625172890733057
37 0.1572265625 0.42323651452282157 0.0185546875 0.01625172890733057
37 0.2001953125 0.45020746887966806 0.0087890625 0.017634854771784232
37 0.2646484375 0.44951590594744123 0.008056640625 0.01625172890733057
37 0.4228515625 0.3789764868603043 0.013671875 0.019017980636237896
37 0.34912109375 0.355463347164592 0.012939453125 0.008644536652835409
37 0.4736328125 0.5020746887966805 0.011474609375 0.011065006915629323
37 0.47314453125 0.5394190871369294 0.01171875 0.011065006915629323
37 0.5546875 0.49930843706777317 0.013916015625 0.015214384508990318
35 0.55419921875 0.5359612724757953 0.013671875 0.015560165975103735
37 0.26123046875 0.2517289073305671 0.0078125 0.0169432918395574
37 0.197265625 0.2524204702627939 0.008056640625 0.015560165975103735
37 0.15576171875 0.22614107883817428 0.012939453125 0.018326417704011066
70 0.23046875 0.22544951590594745 0.025146484375 0.02351313969571231
70 0.22802734375 0.8893499308437067 0.028076171875 0.022130013831258646
70 0.2255859375 0.681881051175657 0.025146484375 0.02351313969571231
70 0.232421875 0.4197786998616874 0.021484375 0.027662517289073305
58 0.17724609375 0.9363762102351314 0.022216796875 0.02351313969571231
58 0.3486328125 0.9384508990318119 0.021728515625 0.025933609958506226
58 0.1943359375 0.2814661134163209 0.0224609375 0.023167358229598894
58 0.25927734375 0.2814661134163209 0.022216796875 0.025933609958506226
58 0.26220703125 0.4778699861687414 0.0224609375 0.023167358229598894
58 0.19677734375 0.4785615491009682 0.021484375 0.022130013831258646
58 0.17626953125 0.7282157676348547 0.024169921875 0.023167358229598894
58 0.34375 0.7316735822959889 0.021728515625 0.022130013831258646
35 0.173828125 0.8686030428769018 0.01953125 0.028008298755186723
24 0.310546875 0.8713692946058091 0.019287109375 0.030774550484094054
35 0.65673828125 0.7219917012448133 0.014404296875 0.02627939142461964
35 0.68505859375 0.7219917012448133 0.012451171875 0.02627939142461964
35 0.87353515625 0.719225449515906 0.0146484375 0.029045643153526972
35 0.87353515625 0.7786998616874136 0.014404296875 0.03734439834024896
35 0.603515625 0.22130013831258644 0.0185546875 0.027662517289073305
35 0.60400390625 0.16874135546334718 0.01953125 0.02731673582295989
35 0.60595703125 0.11272475795297372 0.018798828125 0.026625172890733056
35 0.505859375 0.12033195020746888 0.0185546875 0.02731673582295989
35 0.5078125 0.17842323651452283 0.0185546875 0.027662517289073305
35 0.50732421875 0.22959889349930843 0.018798828125 0.028008298755186723
35 0.17236328125 0.6632088520055325 0.017578125 0.028699861687413553
35 0.310546875 0.6632088520055325 0.019287109375 0.028699861687413553
13 0.33984375 0.8900414937759336 0.013916015625 0.015560165975103735
13 0.33251953125 0.6825726141078838 0.013671875 0.015560165975103735
13 0.29541015625 0.22475795297372061 0.012451171875 0.015560165975103735
69 0.6396484375 0.49930843706777317 0.013671875 0.0169432918395574
69 0.64111328125 0.5352697095435685 0.012939453125 0.019017980636237896
69 0.81201171875 0.640387275242047 0.013671875 0.01625172890733057
69 0.29736328125 0.42254495159059474 0.010986328125 0.017980636237897647
69 0.5341796875 0.3278008298755187 0.013671875 0.016597510373443983
69 0.5556640625 0.45504840940525587 0.013916015625 0.01625172890733057
64 0.52490234375 0.3686030428769018 0.0126953125 0.022130013831258646
71 0.51806640625 0.5463347164591977 0.016357421875 0.03734439834024896
71 0.51806640625 0.5103734439834025 0.016357421875 0.03630705394190872
59 0.70654296875 0.7655601659751037 0.0146484375 0.023167358229598894
59 0.359375 0.27869986168741356 0.015380859375 0.023167358229598894
71 0.66455078125 0.6376210235131397 0.025390625 0.03284923928077455
71 0.330078125 0.3049792531120332 0.027587890625 0.02351313969571231
24 0.181640625 0.9107883817427386 0.01171875 0.019363762102351315
24 0.1806640625 0.7026279391424619 0.013916015625 0.017980636237897647
24 0.34814453125 0.7060857538035962 0.01171875 0.017980636237897647
24 0.353515625 0.9121715076071922 0.01171875 0.018326417704011066
24 0.708984375 0.739972337482711 0.013427734375 0.017980636237897647
24 0.3583984375 0.25380359612724757 0.0078125 0.015560165975103735
101 0.56591796875 0.22406639004149378 0.053955078125 0.038381742738589214
101 0.56640625 0.17081604426002767 0.0537109375 0.039764868603042874
101 0.564453125 0.11341632088520055 0.052978515625 0.03872752420470263
38 0.6025390625 0.32918395573997233 0.054443359375 0.039073305670816044
38 0.603515625 0.3824343015214384 0.052734375 0.039764868603042874
38 0.60302734375 0.45712309820193636 0.053466796875 0.039764868603042874
38 0.6025390625 0.4972337482710927 0.052978515625 0.031466113416320884
38 0.60302734375 0.5373443983402489 0.053955078125 0.039764868603042874
91 0.4853515625 0.3824343015214384 0.0546875 0.04045643153526971
6 0.3349609375 0.2648686030428769 0.009765625 0.017980636237897647
25 0.44580078125 0.2351313969571231 0.042236328125 0.052213001383125866
25 0.45166015625 0.18741355463347165 0.041748046875 0.05532503457814661
25 0.31103515625 0.23582295988934993 0.052734375 0.04529737206085754