91 0.50537109375 0.08713692946058091 0.08203125 0.07607192254495158
37 0.1640625 0.6521438450899032 0.0146484375 0.009681881051175657
13 0.9541015625 0.29529737206085754 0.01220703125 0.022130013831258646
13 0.416015625 0.23236514522821577 0.01220703125 0.019363762102351315
69 0.0927734375 0.43084370677731676 0.01416015625 0.01867219917012448
69 0.6552734375 0.2987551867219917 0.01318359375 0.019363762102351315
69 0.71484375 0.2994467496542185 0.0107421875 0.01867219917012448
69 0.7724609375 0.2994467496542185 0.0087890625 0.01867219917012448
69 0.89501953125 0.42531120331950206 0.0126953125 0.01867219917012448
69 0.8349609375 0.4266943291839557 0.0146484375 0.017289073305670817
69 0.775390625 0.42738589211618255 0.015625 0.02074688796680498
69 0.59619140625 0.42946058091286304 0.013671875 0.017980636237897647
69 0.53564453125 0.42946058091286304 0.013671875 0.01867219917012448
59 0.3564453125 0.43015214384508993 0.01318359375 0.019363762102351315
35 0.83349609375 0.5864453665283541 0.0185546875 0.025587828492392807
35 0.77392578125 0.5947441217150761 0.017578125 0.034578146611341634
35 0.89306640625 0.5864453665283541 0.0185546875 0.02074688796680498
35 0.5947265625 0.5857538035961273 0.0185546875 0.022130013831258646
35 0.53515625 0.5857538035961273 0.01806640625 0.022821576763485476
35 0.3564453125 0.5857538035961273 0.01904296875 0.022821576763485476
10 0.2109375 0.7482710926694329 0.01171875 0.01590594744121715
10 0.65380859375 0.7074688796680498 0.0146484375 0.021438450899031812
10 0.7138671875 0.7130013831258645 0.01513671875 0.022821576763485476
10 0.7734375 0.7074688796680498 0.0146484375 0.02627939142461964
10 0.953125 0.7614107883817427 0.015625 0.019363762102351315
10 0.16845703125 0.2641770401106501 0.013671875 0.009681881051175657
10 0.091796875 0.5843706777316736 0.01513671875 0.019363762102351315
14 0.09326171875 0.508298755186722 0.05712890625 0.10857538035961273
99 0.17578125 0.5076071922544951 0.052734375 0.11065006915629322
99 0.236328125 0.5076071922544951 0.0546875 0.10857538035961273
89 0.35595703125 0.5076071922544951 0.05322265625 0.10857538035961273
17 0.53466796875 0.508298755186722 0.05224609375 0.10995850622406639
17 0.59423828125 0.5076071922544951 0.052734375 0.10857538035961273
17 0.65380859375 0.5076071922544951 0.05224609375 0.10926694329183956
17 0.7734375 0.5076071922544951 0.05322265625 0.10926694329183956
17 0.8330078125 0.5069156293222683 0.05224609375 0.10926694329183956
17 0.91357421875 0.5076071922544951 0.0537109375 0.10857538035961273
61 0.712890625 0.5076071922544951 0.05126953125 0.10926694329183956
44 0.9521484375 0.508298755186722 0.05224609375 0.10650069156293222
35 0.4970703125 0.14730290456431536 0.0146484375 0.019363762102351315
37 0.1611328125 0.35684647302904565 0.01416015625 0.009681881051175657
37 0.16259765625 0.334716459197787 0.0146484375 0.011756569847856155
37 0.162109375 0.3457814661134163 0.013671875 0.006915629322268326
37 0.1650390625 0.673582295988935 0.01513671875 0.008990318118948824
37 0.1650390625 0.6625172890733056 0.015625 0.008990318118948824