91 0.49462890625 0.9128630705394191 0.08203125 0.07607192254495158
37 0.8359375 0.3478561549100968 0.0146484375 0.009681881051175657
13 0.0458984375 0.7047026279391425 0.011962890625 0.022130013831258646
13 0.583984375 0.7676348547717843 0.011962890625 0.019363762102351315
69 0.9072265625 0.5691562932226832 0.013916015625 0.018326417704011066
69 0.3447265625 0.7012448132780082 0.013427734375 0.019363762102351315
69 0.28515625 0.7005532503457814 0.0107421875 0.018326417704011066
69 0.2275390625 0.7005532503457814 0.0087890625 0.018326417704011066
69 0.10498046875 0.5746887966804979 0.0126953125 0.018326417704011066
69 0.1650390625 0.5733056708160442 0.0146484375 0.017634854771784232
69 0.224609375 0.5726141078838174 0.015625 0.02074688796680498
69 0.40380859375 0.5705394190871369 0.013671875 0.017980636237897647
69 0.46435546875 0.5705394190871369 0.013671875 0.018326417704011066
59 0.6435546875 0.5698478561549101 0.013427734375 0.019363762102351315
35 0.16650390625 0.4135546334716459 0.0185546875 0.025242047026279392
35 0.22607421875 0.40525587828492393 0.017578125 0.034578146611341634
35 0.10693359375 0.4135546334716459 0.0185546875 0.02074688796680498
35 0.4052734375 0.4142461964038728 0.0185546875 0.022130013831258646
35 0.46484375 0.4142461964038728 0.017822265625 0.023167358229598894
35 0.6435546875 0.4142461964038728 0.019287109375 0.023167358229598894
10 0.7890625 0.2517289073305671 0.01171875 0.01625172890733057
10 0.34619140625 0.2925311203319502 0.0146484375 0.021092669432918397
10 0.2861328125 0.2869986168741355 0.015380859375 0.023167358229598894
10 0.2265625 0.2925311203319502 0.0146484375 0.02627939142461964
10 0.046875 0.23858921161825727 0.015625 0.019363762102351315
10 0.83154296875 0.73582295988935 0.013671875 0.009681881051175657
10 0.908203125 0.41562932226832644 0.015380859375 0.019363762102351315
14 0.90673828125 0.491701244813278 0.057373046875 0.10892116182572614
99 0.82421875 0.49239280774550487 0.052734375 0.11065006915629322
99 0.763671875 0.49239280774550487 0.0546875 0.10822959889349931
89 0.64404296875 0.49239280774550487 0.053466796875 0.10822959889349931
17 0.46533203125 0.491701244813278 0.052001953125 0.10961272475795297
17 0.40576171875 0.49239280774550487 0.052734375 0.10822959889349931
17 0.34619140625 0.49239280774550487 0.052001953125 0.10926694329183956
17 0.2265625 0.49239280774550487 0.052978515625 0.10926694329183956
17 0.1669921875 0.4930843706777317 0.052490234375 0.10926694329183956
17 0.08642578125 0.49239280774550487 0.0537109375 0.10822959889349931
61 0.287109375 0.49239280774550487 0.051025390625 0.10926694329183956
44 0.0478515625 0.491701244813278 0.052490234375 0.10650069156293222
35 0.5029296875 0.8526970954356846 0.0146484375 0.019363762102351315
37 0.8388671875 0.6431535269709544 0.013916015625 0.009681881051175657
37 0.83740234375 0.665283540802213 0.0146484375 0.011410788381742738
37 0.837890625 0.6542185338865837 0.013671875 0.006915629322268326
37 0.8349609375 0.326417704011065 0.015380859375 0.008644536652835409
37 0.8349609375 0.33748271092669435 0.015625 0.008644536652835409