34 0.51513671875 0.8278008298755186 0.0703125 0.14764868603042877
34 0.8017578125 0.8271092669432918 0.072265625 0.14661134163208853
92 0.53271484375 0.6639004149377593 0.012939453125 0.019363762102351315
92 0.81787109375 0.6625172890733056 0.012939453125 0.019017980636237896
35 0.87548828125 0.6556016597510373 0.024658203125 0.025242047026279392
35 0.5947265625 0.6576763485477178 0.02734375 0.022130013831258646
35 0.38232421875 0.4605809128630705 0.0234375 0.02247579529737206
35 0.58349609375 0.5006915629322268 0.0234375 0.02074688796680498
35 0.66796875 0.4640387275242047 0.023193359375 0.029045643153526972
35 0.876953125 0.5013831258644537 0.0224609375 0.023167358229598894
8 0.880859375 0.5656984785615491 0.023193359375 0.03319502074688797
8 0.60888671875 0.5663900414937759 0.0234375 0.034578146611341634
28 0.5029296875 0.7365145228215768 0.0322265625 0.030428769017980636
28 0.78955078125 0.7351313969571232 0.035888671875 0.030428769017980636
28 0.8388671875 0.5615491009681881 0.039306640625 0.021784232365145227
28 0.6982421875 0.4190871369294606 0.043212890625 0.03354080221300138
28 0.56884765625 0.5622406639004149 0.024169921875 0.012102351313969572
28 0.41162109375 0.4170124481327801 0.0419921875 0.032157676348547715
68 0.75439453125 0.2095435684647303 0.053466796875 0.04045643153526971
68 0.755859375 0.27593360995850624 0.05078125 0.03492392807745505
68 0.755859375 0.4640387275242047 0.05078125 0.032157676348547715
68 0.470703125 0.4633471645919779 0.05078125 0.0318118948824343
68 0.47021484375 0.2793914246196404 0.051513671875 0.03561549100968188
75 0.435546875 0.38450899031811897 0.075927734375 0.11618257261410789
68 0.470703125 0.2095435684647303 0.051025390625 0.04149377593360996
68 0.72119140625 0.3817427385892116 0.077392578125 0.1272475795297372
20 0.77099609375 0.7019363762102351 0.075439453125 0.03319502074688797
20 0.4873046875 0.7012448132780082 0.077880859375 0.03561549100968188