34 0.48486328125 0.8278008298755186 0.0703125 0.14730290456431536
34 0.1982421875 0.8271092669432918 0.072265625 0.14661134163208853
92 0.46728515625 0.6639004149377593 0.01318359375 0.019363762102351315
92 0.18212890625 0.6625172890733056 0.01318359375 0.01867219917012448
35 0.12451171875 0.6556016597510373 0.02490234375 0.025587828492392807
35 0.4052734375 0.6576763485477178 0.02734375 0.022130013831258646
35 0.61767578125 0.4605809128630705 0.0234375 0.022821576763485476
35 0.41650390625 0.5006915629322268 0.0234375 0.02074688796680498
35 0.33203125 0.4640387275242047 0.02294921875 0.029045643153526972
35 0.123046875 0.5013831258644537 0.0224609375 0.022821576763485476
8 0.119140625 0.5656984785615491 0.02294921875 0.03319502074688797
8 0.39111328125 0.5663900414937759 0.0234375 0.034578146611341634
28 0.4970703125 0.7365145228215768 0.0322265625 0.030428769017980636
28 0.21044921875 0.7351313969571232 0.03564453125 0.030428769017980636
28 0.1611328125 0.5615491009681881 0.03955078125 0.021438450899031812
28 0.3017578125 0.4190871369294606 0.04345703125 0.0338865836791148
28 0.43115234375 0.5622406639004149 0.02392578125 0.011756569847856155
28 0.58837890625 0.4170124481327801 0.0419921875 0.03250345781466114
68 0.24560546875 0.2095435684647303 0.05322265625 0.04080221300138313
68 0.244140625 0.27593360995850624 0.05078125 0.035269709543568464
68 0.244140625 0.4640387275242047 0.05078125 0.03250345781466114
68 0.529296875 0.4633471645919779 0.05078125 0.0318118948824343
68 0.52978515625 0.2793914246196404 0.05126953125 0.035269709543568464
75 0.564453125 0.38450899031811897 0.07568359375 0.11618257261410789
68 0.529296875 0.2095435684647303 0.05126953125 0.04149377593360996
68 0.27880859375 0.3817427385892116 0.07763671875 0.1272475795297372
20 0.22900390625 0.7019363762102351 0.07568359375 0.03319502074688797
20 0.5126953125 0.7012448132780082 0.07763671875 0.035269709543568464