10 0.52294921875 0.9163208852005532 0.016845703125 0.015214384508990318
13 0.50146484375 0.9163208852005532 0.016357421875 0.016597510373443983
10 0.46630859375 0.9239280774550485 0.0166015625 0.014177040110650069
91 0.423828125 0.9149377593360996 0.068359375 0.07572614107883817
35 0.40771484375 0.8582295988934993 0.016845703125 0.027662517289073305
10 0.38037109375 0.834716459197787 0.016845703125 0.016597510373443983
10 0.3134765625 0.7690179806362379 0.0087890625 0.024896265560165973
92 0.1298828125 0.7275242047026279 0.015625 0.02074688796680498
10 0.1513671875 0.669432918395574 0.011474609375 0.02455048409405256
10 0.30078125 0.6804979253112033 0.0126953125 0.02455048409405256
37 0.32861328125 0.6984785615491009 0.008544921875 0.014177040110650069
58 0.32861328125 0.6770401106500692 0.017578125 0.02074688796680498
58 0.34912109375 0.632088520055325 0.017578125 0.022130013831258646
37 0.34814453125 0.6542185338865837 0.008544921875 0.016597510373443983
10 0.4580078125 0.6023513139695712 0.017333984375 0.014868603042876901
92 0.4580078125 0.5573997233748271 0.015625 0.021784232365145227
92 0.39306640625 0.5809128630705395 0.014404296875 0.022130013831258646
13 0.3818359375 0.5048409405255878 0.011962890625 0.02247579529737206
10 0.37060546875 0.504149377593361 0.009765625 0.022130013831258646
35 0.580078125 0.3084370677731674 0.017822265625 0.025242047026279392
46 0.541015625 0.1908713692946058 0.0166015625 0.01970954356846473
46 0.54052734375 0.21161825726141079 0.014892578125 0.01970954356846473
92 0.541015625 0.2351313969571231 0.015380859375 0.01970954356846473
10 0.533203125 0.15352697095435686 0.0166015625 0.0169432918395574
73 0.47119140625 0.2053941908713693 0.0185546875 0.02351313969571231
91 0.57763671875 0.20885200553250347 0.052734375 0.08437067773167359
95 0.32421875 0.2669432918395574 0.013916015625 0.025242047026279392
13 0.30224609375 0.24273858921161826 0.012939453125 0.02627939142461964
95 0.2607421875 0.2413554633471646 0.013916015625 0.025933609958506226
96 0.2998046875 0.2863070539419087 0.017578125 0.019363762102351315
28 0.3193359375 0.3651452282157676 0.0068359375 0.030428769017980636
28 0.298828125 0.3651452282157676 0.0068359375 0.03008298755186722
28 0.35546875 0.44813278008298757 0.021240234375 0.010719225449515906
28 0.35546875 0.48201936376210236 0.021240234375 0.010027662517289074
28 0.259765625 0.4557399723374827 0.0078125 0.029045643153526972
28 0.29833984375 0.5491009681881052 0.007080078125 0.030428769017980636
28 0.3203125 0.5504840940525588 0.008056640625 0.03008298755186722
28 0.205078125 0.4405255878284924 0.019775390625 0.011065006915629323
28 0.20458984375 0.475103734439834 0.020263671875 0.010027662517289074
28 0.10986328125 0.45643153526970953 0.008544921875 0.029045643153526972
28 0.14892578125 0.36583679114799444 0.006591796875 0.028699861687413553
28 0.1708984375 0.3651452282157676 0.0078125 0.030428769017980636
28 0.169921875 0.5511756569847857 0.0068359375 0.029391424619640387
28 0.1494140625 0.5511756569847857 0.007568359375 0.032157676348547715
28 0.06689453125 0.34439834024896265 0.0078125 0.030428769017980636
28 0.05078125 0.3437067773167358 0.009765625 0.029391424619640387
28 0.05078125 0.2946058091286307 0.006103515625 0.03008298755186722
28 0.06787109375 0.2946058091286307 0.007080078125 0.030428769017980636
10 0.1728515625 0.5843706777316736 0.0107421875 0.024896265560165973
10 0.322265625 0.5850622406639004 0.010009765625 0.02351313969571231
14 0.22119140625 0.504149377593361 0.0107421875 0.023167358229598894
13 0.2265625 0.42738589211618255 0.0126953125 0.025242047026279392
13 0.2314453125 0.504149377593361 0.01171875 0.023858921161825725
13 0.06591796875 0.5179806362378977 0.0078125 0.017980636237897647
13 0.03515625 0.5179806362378977 0.005859375 0.017980636237897647
96 0.15087890625 0.2869986168741355 0.014892578125 0.017980636237897647
95 0.17431640625 0.26625172890733056 0.013671875 0.027662517289073305
95 0.11083984375 0.24204702627939143 0.016357421875 0.025242047026279392
13 0.15185546875 0.24204702627939143 0.010986328125 0.027662517289073305
37 0.06689453125 0.2607192254495159 0.006591796875 0.016597510373443983
37 0.0498046875 0.25933609958506226 0.004150390625 0.016597510373443983
37 0.033203125 0.2607192254495159 0.007568359375 0.017634854771784232
37 0.03271484375 0.3665283540802213 0.0068359375 0.017980636237897647
37 0.0498046875 0.36721991701244816 0.0068359375 0.017634854771784232
37 0.06689453125 0.367911479944675 0.008544921875 0.017980636237897647
37 0.06494140625 0.47994467496542187 0.005859375 0.0169432918395574
37 0.03466796875 0.48132780082987553 0.005859375 0.01625172890733057
37 0.06591796875 0.5926694329183956 0.005859375 0.016597510373443983
37 0.0341796875 0.5919778699861687 0.0048828125 0.016597510373443983
63 0.0361328125 0.553941908713693 0.038818359375 0.030428769017980636
63 0.072265625 0.5553250345781466 0.02734375 0.029045643153526972
23 0.48095703125 0.9107883817427386 0.014892578125 0.040110650069156296
63 0.43896484375 0.5892116182572614 0.012939453125 0.04114799446749654
13 0.412109375 0.5995850622406639 0.013671875 0.010027662517289074
34 0.3095703125 0.45712309820193636 0.072265625 0.14661134163208853
34 0.1591796875 0.4578146611341632 0.0712890625 0.14937759336099585
41 0.42431640625 0.5995850622406639 0.0087890625 0.017634854771784232
41 0.06591796875 0.3188105117565698 0.016357421875 0.029045643153526972
41 0.0478515625 0.31742738589211617 0.0146484375 0.030428769017980636
41 0.03125 0.31742738589211617 0.015869140625 0.030428769017980636