10 0.52294921875 0.9163208852005532 0.01708984375 0.015214384508990318
13 0.50146484375 0.9163208852005532 0.01611328125 0.016597510373443983
10 0.46630859375 0.9239280774550485 0.0166015625 0.014522821576763486
91 0.423828125 0.9149377593360996 0.068359375 0.07538035961272475
35 0.40771484375 0.8582295988934993 0.01708984375 0.027662517289073305
10 0.38037109375 0.834716459197787 0.01708984375 0.016597510373443983
10 0.3134765625 0.7690179806362379 0.0087890625 0.024896265560165973
92 0.1298828125 0.7275242047026279 0.015625 0.02074688796680498
10 0.1513671875 0.669432918395574 0.01123046875 0.024204702627939143
10 0.30078125 0.6804979253112033 0.0126953125 0.024204702627939143
37 0.32861328125 0.6984785615491009 0.00830078125 0.014522821576763486
58 0.32861328125 0.6770401106500692 0.017578125 0.02074688796680498
58 0.34912109375 0.632088520055325 0.017578125 0.022130013831258646
37 0.34814453125 0.6542185338865837 0.00830078125 0.016597510373443983
10 0.4580078125 0.6023513139695712 0.01708984375 0.014522821576763486
92 0.4580078125 0.5573997233748271 0.015625 0.021438450899031812
92 0.39306640625 0.5809128630705395 0.01416015625 0.022130013831258646
13 0.3818359375 0.5048409405255878 0.01220703125 0.022821576763485476
10 0.37060546875 0.504149377593361 0.009765625 0.022130013831258646
35 0.580078125 0.3084370677731674 0.01806640625 0.025587828492392807
46 0.541015625 0.1908713692946058 0.0166015625 0.020055325034578148
46 0.54052734375 0.21161825726141079 0.01513671875 0.020055325034578148
92 0.541015625 0.2351313969571231 0.01513671875 0.020055325034578148
10 0.533203125 0.15352697095435686 0.0166015625 0.017289073305670817
73 0.47119140625 0.2053941908713693 0.0185546875 0.02351313969571231
91 0.57763671875 0.20885200553250347 0.052734375 0.08437067773167359
95 0.32421875 0.2669432918395574 0.01416015625 0.025587828492392807
13 0.30224609375 0.24273858921161826 0.01318359375 0.02627939142461964
95 0.2607421875 0.2413554633471646 0.01416015625 0.025587828492392807
96 0.2998046875 0.2863070539419087 0.017578125 0.019363762102351315
28 0.3193359375 0.3651452282157676 0.0068359375 0.030428769017980636
28 0.298828125 0.3651452282157676 0.0068359375 0.029737206085753802
28 0.35546875 0.44813278008298757 0.02099609375 0.01037344398340249
28 0.35546875 0.48201936376210236 0.02099609375 0.01037344398340249
28 0.259765625 0.4557399723374827 0.0078125 0.029045643153526972
28 0.29833984375 0.5491009681881052 0.00732421875 0.030428769017980636
28 0.3203125 0.5504840940525588 0.00830078125 0.029737206085753802
28 0.205078125 0.4405255878284924 0.02001953125 0.011065006915629323
28 0.20458984375 0.475103734439834 0.02001953125 0.01037344398340249
28 0.10986328125 0.45643153526970953 0.00830078125 0.029045643153526972
28 0.14892578125 0.36583679114799444 0.00634765625 0.028354080221300138
28 0.1708984375 0.3651452282157676 0.0078125 0.030428769017980636
28 0.169921875 0.5511756569847857 0.0068359375 0.029737206085753802
28 0.1494140625 0.5511756569847857 0.00732421875 0.03250345781466114
28 0.06689453125 0.34439834024896265 0.0078125 0.030428769017980636
28 0.05078125 0.3437067773167358 0.009765625 0.029737206085753802
28 0.05078125 0.2946058091286307 0.00634765625 0.029737206085753802
28 0.06787109375 0.2946058091286307 0.00732421875 0.030428769017980636
10 0.1728515625 0.5843706777316736 0.0107421875 0.024896265560165973
10 0.322265625 0.5850622406639004 0.01025390625 0.02351313969571231
14 0.22119140625 0.504149377593361 0.0107421875 0.022821576763485476
13 0.2265625 0.42738589211618255 0.0126953125 0.025587828492392807
13 0.2314453125 0.504149377593361 0.01171875 0.024204702627939143
13 0.06591796875 0.5179806362378977 0.0078125 0.017980636237897647
13 0.03515625 0.5179806362378977 0.005859375 0.017980636237897647
96 0.15087890625 0.2869986168741355 0.01513671875 0.017980636237897647
95 0.17431640625 0.26625172890733056 0.013671875 0.027662517289073305
95 0.11083984375 0.24204702627939143 0.01611328125 0.025587828492392807
13 0.15185546875 0.24204702627939143 0.01123046875 0.027662517289073305
37 0.06689453125 0.2607192254495159 0.00634765625 0.016597510373443983
37 0.0498046875 0.25933609958506226 0.00439453125 0.016597510373443983
37 0.033203125 0.2607192254495159 0.00732421875 0.017289073305670817
37 0.03271484375 0.3665283540802213 0.0068359375 0.017980636237897647
37 0.0498046875 0.36721991701244816 0.0068359375 0.017289073305670817
37 0.06689453125 0.367911479944675 0.00830078125 0.017980636237897647
37 0.06494140625 0.47994467496542187 0.005859375 0.017289073305670817
37 0.03466796875 0.48132780082987553 0.005859375 0.01590594744121715
37 0.06591796875 0.5926694329183956 0.005859375 0.016597510373443983
37 0.0341796875 0.5919778699861687 0.0048828125 0.016597510373443983
63 0.0361328125 0.553941908713693 0.03857421875 0.030428769017980636
63 0.072265625 0.5553250345781466 0.02734375 0.029045643153526972
23 0.48095703125 0.9107883817427386 0.01513671875 0.040110650069156296
63 0.43896484375 0.5892116182572614 0.01318359375 0.04080221300138313
13 0.412109375 0.5995850622406639 0.013671875 0.01037344398340249
34 0.3095703125 0.45712309820193636 0.072265625 0.14661134163208853
34 0.1591796875 0.4578146611341632 0.0712890625 0.14937759336099585
41 0.42431640625 0.5995850622406639 0.0087890625 0.017289073305670817
41 0.06591796875 0.3188105117565698 0.01611328125 0.029045643153526972
41 0.0478515625 0.31742738589211617 0.0146484375 0.030428769017980636
41 0.03125 0.31742738589211617 0.01611328125 0.030428769017980636