10 0.2216796875 0.2551867219917012 0.01611328125 0.020055325034578148
10 0.22119140625 0.3029045643153527 0.01708984375 0.019363762102351315
10 0.22119140625 0.38105117565698476 0.01611328125 0.01867219917012448
10 0.22119140625 0.4280774550484094 0.0166015625 0.020055325034578148
10 0.43701171875 0.4287690179806362 0.0166015625 0.020055325034578148
10 0.4365234375 0.38105117565698476 0.01708984375 0.019363762102351315
10 0.43701171875 0.301521438450899 0.01708984375 0.020055325034578148
10 0.4365234375 0.2544951590594744 0.0166015625 0.019363762102351315
92 0.392578125 0.2351313969571231 0.01611328125 0.022821576763485476
58 0.392578125 0.2800829875518672 0.015625 0.022130013831258646
92 0.39208984375 0.3603042876901798 0.01611328125 0.019363762102351315
58 0.392578125 0.4087136929460581 0.013671875 0.02074688796680498
73 0.44921875 0.5027662517289073 0.01904296875 0.021438450899031812
13 0.5029296875 0.5816044260027663 0.01806640625 0.016597510373443983
92 0.23974609375 0.4073305670816044 0.015625 0.022821576763485476
92 0.240234375 0.3603042876901798 0.0166015625 0.022130013831258646
92 0.23974609375 0.2814661134163209 0.0146484375 0.02351313969571231
92 0.24072265625 0.2351313969571231 0.015625 0.020055325034578148
56 0.31396484375 0.2842323651452282 0.0751953125 0.0975103734439834
37 0.546875 0.553941908713693 0.02490234375 0.017980636237897647
28 0.15380859375 0.7240663900414938 0.02783203125 0.012448132780082987
56 0.31787109375 0.41217150760719223 0.0791015625 0.10442600276625173