4 0.068359375 0.1313969571230982 0.017333984375 0.01970954356846473
28 0.212890625 0.8644536652835408 0.023193359375 0.015214384508990318
25 0.39111328125 0.4578146611341632 0.0166015625 0.012448132780082987
72 0.56982421875 0.4930843706777317 0.0146484375 0.015214384508990318
64 0.5712890625 0.5124481327800829 0.013671875 0.016597510373443983
54 0.5712890625 0.5767634854771784 0.015869140625 0.013485477178423237
33 0.57080078125 0.6009681881051175 0.010986328125 0.017980636237897647
95 0.57080078125 0.6258644536652835 0.0107421875 0.012102351313969572
5 0.57177734375 0.6500691562932227 0.010498046875 0.015214384508990318
29 0.57177734375 0.673582295988935 0.013671875 0.014177040110650069
22 0.57080078125 0.6964038727524204 0.0107421875 0.014868603042876901
10 0.5712890625 0.7302904564315352 0.0107421875 0.011410788381742738
69 0.5712890625 0.7648686030428768 0.010009765625 0.011410788381742738
13 0.5712890625 0.7904564315352697 0.010009765625 0.00933609958506224
57 0.5712890625 0.818118948824343 0.01171875 0.011065006915629323
53 0.5712890625 0.8478561549100968 0.0126953125 0.010719225449515906
6 0.57080078125 0.8810511756569848 0.010986328125 0.015214384508990318
39 0.57177734375 0.9087136929460581 0.012451171875 0.008298755186721992
37 0.57080078125 0.9308437067773168 0.0126953125 0.008644536652835409
52 0.57080078125 0.5567081604426003 0.012451171875 0.014868603042876901
50 0.5712890625 0.5373443983402489 0.009765625 0.017634854771784232
77 0.5703125 0.4702627939142462 0.01171875 0.019017980636237896
24 0.5703125 0.44467496542185336 0.0107421875 0.012448132780082987
51 0.57080078125 0.42461964038727523 0.0078125 0.008644536652835409
85 0.3896484375 0.4391424619640387 0.013671875 0.018326417704011066
94 0.390625 0.47925311203319504 0.011474609375 0.012793914246196404
19 0.39013671875 0.49446749654218536 0.012451171875 0.008298755186721992
87 0.38916015625 0.4149377593360996 0.014892578125 0.013831258644536652
86 0.39111328125 0.3983402489626556 0.013671875 0.012448132780082987
86 0.39013671875 0.37621023513139695 0.0107421875 0.01625172890733057
3 0.2197265625 0.20816044260027664 0.0126953125 0.02351313969571231
2 0.21826171875 0.2351313969571231 0.013671875 0.02074688796680498
88 0.2177734375 0.26141078838174275 0.0087890625 0.014177040110650069
76 0.2177734375 0.2897648686030429 0.009521484375 0.012102351313969572
7 0.21923828125 0.3326417704011065 0.0087890625 0.005532503457814661
9 0.21875 0.3153526970954357 0.007568359375 0.013831258644536652
66 0.21728515625 0.3499308437067773 0.006591796875 0.006915629322268326
90 0.21630859375 0.3686030428769018 0.005859375 0.012102351313969572
40 0.21728515625 0.3879668049792531 0.007080078125 0.013831258644536652
43 0.216796875 0.42047026279391425 0.004150390625 0.008644536652835409
81 0.21630859375 0.4467496542185339 0.010986328125 0.016597510373443983
80 0.216796875 0.47441217150760717 0.009521484375 0.0169432918395574
82 0.2158203125 0.504149377593361 0.0078125 0.023858921161825725
83 0.21630859375 0.5401106500691563 0.0087890625 0.023167358229598894
102 0.07177734375 0.27800829875518673 0.012939453125 0.019017980636237896