4 0.068359375 0.8686030428769018 0.01708984375 0.020055325034578148
28 0.212890625 0.1355463347164592 0.02294921875 0.015214384508990318
25 0.39111328125 0.5421853388658368 0.0166015625 0.012448132780082987
72 0.56982421875 0.5069156293222683 0.0146484375 0.015214384508990318
64 0.5712890625 0.487551867219917 0.013671875 0.016597510373443983
54 0.5712890625 0.42323651452282157 0.01611328125 0.01313969571230982
33 0.57080078125 0.39903181189488246 0.01123046875 0.017980636237897647
95 0.57080078125 0.37413554633471646 0.0107421875 0.011756569847856155
5 0.57177734375 0.3499308437067773 0.01025390625 0.015214384508990318
29 0.57177734375 0.326417704011065 0.013671875 0.014522821576763486
22 0.57080078125 0.3035961272475795 0.0107421875 0.014522821576763486
10 0.5712890625 0.2697095435684647 0.0107421875 0.011756569847856155
69 0.5712890625 0.2351313969571231 0.01025390625 0.011756569847856155
13 0.5712890625 0.2095435684647303 0.01025390625 0.008990318118948824
57 0.5712890625 0.18188105117565698 0.01171875 0.011065006915629323
53 0.5712890625 0.15214384508990317 0.0126953125 0.01037344398340249
6 0.57080078125 0.11894882434301521 0.01123046875 0.015214384508990318
39 0.57177734375 0.0912863070539419 0.01220703125 0.008298755186721992
37 0.57080078125 0.06915629322268327 0.0126953125 0.008990318118948824
52 0.57080078125 0.4432918395573997 0.01220703125 0.014522821576763486
50 0.5712890625 0.46265560165975106 0.009765625 0.017289073305670817
77 0.5703125 0.5297372060857538 0.01171875 0.01867219917012448
24 0.5703125 0.5553250345781466 0.0107421875 0.012448132780082987
51 0.57080078125 0.5753803596127247 0.0078125 0.008990318118948824
85 0.3896484375 0.5608575380359613 0.013671875 0.01867219917012448
94 0.390625 0.520746887966805 0.01123046875 0.01313969571230982
19 0.39013671875 0.5055325034578146 0.01220703125 0.008298755186721992
87 0.38916015625 0.5850622406639004 0.01513671875 0.013831258644536652
86 0.39111328125 0.6016597510373444 0.013671875 0.012448132780082987
86 0.39013671875 0.623789764868603 0.0107421875 0.01590594744121715
3 0.2197265625 0.7918395573997233 0.0126953125 0.02351313969571231
2 0.21826171875 0.7648686030428768 0.013671875 0.02074688796680498
88 0.2177734375 0.7385892116182573 0.0087890625 0.014522821576763486
76 0.2177734375 0.7102351313969572 0.00927734375 0.011756569847856155
7 0.21923828125 0.6673582295988935 0.0087890625 0.005532503457814661
9 0.21875 0.6846473029045643 0.00732421875 0.013831258644536652
66 0.21728515625 0.6500691562932227 0.00634765625 0.006915629322268326
90 0.21630859375 0.6313969571230982 0.005859375 0.011756569847856155
40 0.21728515625 0.6120331950207469 0.00732421875 0.013831258644536652
43 0.216796875 0.5795297372060858 0.00439453125 0.008990318118948824
81 0.21630859375 0.5532503457814661 0.01123046875 0.016597510373443983
80 0.216796875 0.5255878284923928 0.00927734375 0.017289073305670817
82 0.2158203125 0.495850622406639 0.0078125 0.024204702627939143
83 0.21630859375 0.4598893499308437 0.0087890625 0.022821576763485476
102 0.07177734375 0.7219917012448133 0.01318359375 0.01867219917012448