34 0.2724609375 0.49100968188105115 0.072265625 0.14937759336099585
34 0.4296875 0.4896265560165975 0.0712890625 0.14868603042876902
37 0.34619140625 0.7323651452282157 0.00634765625 0.017980636237897647
37 0.4296875 0.6687413554633471 0.00634765625 0.01590594744121715
37 0.27294921875 0.6680497925311203 0.00634765625 0.01590594744121715
37 0.2080078125 0.46473029045643155 0.01220703125 0.006915629322268326
37 0.365234375 0.46473029045643155 0.01123046875 0.008990318118948824
37 0.5732421875 0.5760719225449515 0.0068359375 0.016597510373443983
37 0.65771484375 0.5760719225449515 0.00732421875 0.01590594744121715
37 0.6748046875 0.4260027662517289 0.01171875 0.006915629322268326
37 0.65380859375 0.41009681881051174 0.00439453125 0.01590594744121715
37 0.642578125 0.4260027662517289 0.01025390625 0.006224066390041493
37 0.6416015625 0.4363762102351314 0.0107421875 0.008298755186721992
37 0.59130859375 0.4260027662517289 0.01220703125 0.008298755186721992
37 0.55810546875 0.42461964038727523 0.0107421875 0.007607192254495159
37 0.5576171875 0.4363762102351314 0.01025390625 0.008298755186721992
37 0.5693359375 0.41009681881051174 0.0048828125 0.016597510373443983
58 0.68798828125 0.4260027662517289 0.009765625 0.014522821576763486
28 0.4296875 0.58298755186722 0.00537109375 0.027662517289073305
28 0.38427734375 0.46473029045643155 0.021484375 0.011756569847856155
28 0.2734375 0.5816044260027663 0.0068359375 0.029737206085753802
28 0.2265625 0.46473029045643155 0.0205078125 0.008298755186721992
1 0.2724609375 0.6369294605809128 0.01220703125 0.021438450899031812
1 0.42919921875 0.636237897648686 0.01513671875 0.02351313969571231
58 0.60302734375 0.4266943291839557 0.01025390625 0.015214384508990318
50 0.57861328125 0.41009681881051174 0.00732421875 0.019363762102351315
50 0.66357421875 0.41009681881051174 0.0068359375 0.019363762102351315