34 0.7275390625 0.49100968188105115 0.072265625 0.14937759336099585
34 0.5703125 0.4896265560165975 0.0712890625 0.14903181189488243
37 0.65380859375 0.7323651452282157 0.006591796875 0.017980636237897647
37 0.5703125 0.6687413554633471 0.006103515625 0.015560165975103735
37 0.72705078125 0.6680497925311203 0.006591796875 0.01625172890733057
37 0.7919921875 0.46473029045643155 0.011962890625 0.006915629322268326
37 0.634765625 0.46473029045643155 0.011474609375 0.008644536652835409
37 0.4267578125 0.5760719225449515 0.0068359375 0.016597510373443983
37 0.34228515625 0.5760719225449515 0.007080078125 0.015560165975103735
37 0.3251953125 0.4260027662517289 0.01171875 0.006915629322268326
37 0.34619140625 0.41009681881051174 0.004638671875 0.015560165975103735
37 0.357421875 0.4260027662517289 0.010009765625 0.005878284923928077
37 0.3583984375 0.4363762102351314 0.0107421875 0.008298755186721992
37 0.40869140625 0.4260027662517289 0.012451171875 0.008298755186721992
37 0.44189453125 0.42461964038727523 0.0107421875 0.007952973720608575
37 0.4423828125 0.4363762102351314 0.010009765625 0.008298755186721992
37 0.4306640625 0.41009681881051174 0.0048828125 0.016597510373443983
58 0.31201171875 0.4260027662517289 0.009765625 0.014177040110650069
28 0.5703125 0.58298755186722 0.005615234375 0.027662517289073305
28 0.61572265625 0.46473029045643155 0.021484375 0.011410788381742738
28 0.7265625 0.5816044260027663 0.0068359375 0.029391424619640387
28 0.7734375 0.46473029045643155 0.0205078125 0.008298755186721992
1 0.7275390625 0.6369294605809128 0.011962890625 0.021092669432918397
1 0.57080078125 0.636237897648686 0.014892578125 0.02351313969571231
58 0.39697265625 0.4266943291839557 0.010498046875 0.015214384508990318
50 0.42138671875 0.41009681881051174 0.007080078125 0.019363762102351315
50 0.33642578125 0.41009681881051174 0.0068359375 0.019363762102351315