91 0.17724609375 0.19432918395573998 0.0712890625 0.11203319502074689
6 0.18701171875 0.26832641770401106 0.0224609375 0.029045643153526972
10 0.14453125 0.6147994467496543 0.01611328125 0.015214384508990318
10 0.22216796875 0.6085753803596127 0.01611328125 0.016597510373443983
13 0.1962890625 0.6009681881051175 0.01611328125 0.01590594744121715
28 0.369140625 0.38381742738589214 0.0224609375 0.01313969571230982
28 0.369140625 0.47648686030428766 0.02001953125 0.011065006915629323
28 0.3681640625 0.5401106500691563 0.0205078125 0.008298755186721992
28 0.36865234375 0.6044260027662517 0.01953125 0.008298755186721992
28 0.36865234375 0.6514522821576764 0.02001953125 0.012448132780082987
28 0.36865234375 0.6984785615491009 0.0205078125 0.009681881051175657
71 0.31494140625 0.6009681881051175 0.01171875 0.022130013831258646
37 0.5234375 0.7171507607192255 0.00830078125 0.01867219917012448
37 0.57666015625 0.7136929460580913 0.0087890625 0.017289073305670817
12 0.17138671875 0.6161825726141079 0.021484375 0.058091286307053944
12 0.4736328125 0.38381742738589214 0.02685546875 0.04080221300138313
12 0.47314453125 0.2524204702627939 0.02392578125 0.03941908713692946
13 0.546875 0.2351313969571231 0.0126953125 0.009681881051175657
21 0.64404296875 0.6037344398340249 0.041015625 0.06846473029045644
21 0.59375 0.6037344398340249 0.0380859375 0.0677731673582296
21 0.5478515625 0.6037344398340249 0.03857421875 0.06708160442600276
21 0.5185546875 0.7662517289073306 0.0390625 0.06639004149377593