10 0.921875 0.8609958506224067 0.0107421875 0.012448132780082987
10 0.935546875 0.863762102351314 0.01171875 0.013831258644536652
10 0.82568359375 0.8603042876901799 0.014892578125 0.019363762102351315
58 0.8681640625 0.9038727524204703 0.015869140625 0.021092669432918397
60 0.9208984375 0.9052558782849239 0.0322265625 0.024896265560165973
49 0.94287109375 0.8886583679114799 0.015625 0.022130013831258646
11 0.88037109375 0.8506224066390041 0.0439453125 0.04426002766251729
35 0.61767578125 0.8326417704011065 0.016357421875 0.02455048409405256
37 0.5810546875 0.8623789764868603 0.009521484375 0.015214384508990318
37 0.50537109375 0.8769017980636238 0.008544921875 0.016597510373443983
58 0.5810546875 0.8921161825726142 0.015380859375 0.021784232365145227
58 0.50537109375 0.9066390041493776 0.015625 0.022130013831258646
58 0.50732421875 0.7904564315352697 0.014892578125 0.02074688796680498
58 0.5810546875 0.7766251728907331 0.0146484375 0.02074688796680498
69 0.45068359375 0.8437067773167358 0.014892578125 0.017980636237897647
49 0.1259765625 0.780774550484094 0.015625 0.023167358229598894
13 0.09716796875 0.7482710926694329 0.0205078125 0.022130013831258646
37 0.16650390625 0.7116182572614108 0.026611328125 0.019363762102351315
37 0.185546875 0.7717842323651453 0.03125 0.03008298755186722
13 0.197265625 0.7226832641770401 0.021484375 0.017634854771784232
37 0.23681640625 0.7489626556016598 0.0126953125 0.026625172890733056
59 0.2392578125 0.7745504840940526 0.015380859375 0.021784232365145227
58 0.23876953125 0.7994467496542186 0.0146484375 0.021784232365145227
60 0.33642578125 0.7012448132780082 0.030517578125 0.02247579529737206
35 0.42041015625 0.7012448132780082 0.022216796875 0.03008298755186722
69 0.4541015625 0.7254495159059474 0.015625 0.015214384508990318
37 0.5078125 0.7614107883817427 0.007568359375 0.017980636237897647
12 0.544921875 0.7081604426002767 0.031005859375 0.04391424619640387
37 0.58203125 0.7475795297372061 0.0087890625 0.015560165975103735
35 0.61767578125 0.7130013831258645 0.014892578125 0.023858921161825725
10 0.81494140625 0.7655601659751037 0.014404296875 0.022130013831258646
10 0.8154296875 0.6390041493775933 0.0146484375 0.02627939142461964
58 0.86767578125 0.6009681881051175 0.0146484375 0.021092669432918397
60 0.921875 0.5995850622406639 0.029296875 0.022130013831258646
49 0.94287109375 0.58298755186722 0.014892578125 0.021092669432918397
10 0.921875 0.5567081604426003 0.0107421875 0.00933609958506224
10 0.935546875 0.5553250345781466 0.015869140625 0.018326417704011066
10 0.82421875 0.5553250345781466 0.015380859375 0.019363762102351315
11 0.88037109375 0.5463347164591977 0.0419921875 0.04183955739972337
13 0.7734375 0.5048409405255878 0.015625 0.01625172890733057
10 0.7548828125 0.5076071922544951 0.01171875 0.009681881051175657
60 0.7548828125 0.5525587828492393 0.029296875 0.021092669432918397
60 0.7607421875 0.6355463347164592 0.029541015625 0.021092669432918397
10 0.7607421875 0.5857538035961273 0.01171875 0.00933609958506224
37 0.5810546875 0.6120331950207469 0.008056640625 0.015214384508990318
12 0.54150390625 0.5802213001383126 0.0322265625 0.04322268326417704
37 0.50927734375 0.6265560165975104 0.0078125 0.01625172890733057
58 0.5087890625 0.6556016597510373 0.013916015625 0.02351313969571231
13 0.4541015625 0.5961272475795297 0.015625 0.013831258644536652
10 0.42822265625 0.5995850622406639 0.014892578125 0.019363762102351315
35 0.40185546875 0.5712309820193637 0.021484375 0.02731673582295989
49 0.3623046875 0.6272475795297372 0.015869140625 0.02351313969571231
10 0.33740234375 0.6604426002766252 0.010986328125 0.008298755186721992
60 0.3193359375 0.6410788381742739 0.029541015625 0.025933609958506226
10 0.3193359375 0.5995850622406639 0.010009765625 0.010027662517289074
10 0.25146484375 0.5802213001383126 0.016357421875 0.021092669432918397
10 0.25146484375 0.5518672199170125 0.014404296875 0.02455048409405256
13 0.12353515625 0.6576763485477178 0.01953125 0.015214384508990318
35 0.2197265625 0.3941908713692946 0.0224609375 0.03008298755186722
13 0.1005859375 0.4190871369294606 0.017333984375 0.019363762102351315
49 0.28662109375 0.35200553250345784 0.016845703125 0.02351313969571231
60 0.31982421875 0.3997233748271093 0.029296875 0.02247579529737206
10 0.349609375 0.42254495159059474 0.011474609375 0.009681881051175657
10 0.3486328125 0.37344398340248963 0.0107421875 0.008298755186721992
10 0.33203125 0.29806362378976486 0.017578125 0.023167358229598894
10 0.42919921875 0.0975103734439834 0.015625 0.019363762102351315
35 0.35595703125 0.07123098201936376 0.021484375 0.029391424619640387
13 0.45458984375 0.0954356846473029 0.016357421875 0.015214384508990318
37 0.513671875 0.12932226832641772 0.0078125 0.015560165975103735
12 0.5537109375 0.07607192254495158 0.033203125 0.04564315352697095
10 0.6044921875 0.08367911479944674 0.015380859375 0.019363762102351315
10 0.65283203125 0.14661134163208853 0.010498046875 0.008298755186721992
13 0.66845703125 0.14315352697095435 0.016845703125 0.013831258644536652
60 0.65234375 0.1887966804979253 0.031494140625 0.022130013831258646
58 0.5849609375 0.14730290456431536 0.015625 0.021092669432918397
37 0.58642578125 0.11618257261410789 0.007080078125 0.015214384508990318
58 0.5126953125 0.16044260027662519 0.015869140625 0.021784232365145227
10 0.60546875 0.21922544951590595 0.0166015625 0.020401106500691563
10 0.42626953125 0.23374827109266944 0.020263671875 0.019363762102351315
13 0.45361328125 0.23167358229598894 0.0166015625 0.014868603042876901
37 0.5087890625 0.26625172890733056 0.009521484375 0.015560165975103735
37 0.58154296875 0.2524204702627939 0.0078125 0.014868603042876901
12 0.546875 0.21369294605809128 0.031494140625 0.04426002766251729
12 0.54736328125 0.35408022130013833 0.0361328125 0.04114799446749654
10 0.42822265625 0.37344398340248963 0.017578125 0.019017980636237896
13 0.45361328125 0.3706777316735823 0.015625 0.014177040110650069
37 0.5087890625 0.40387275242047027 0.008056640625 0.015214384508990318
58 0.5087890625 0.4336099585062241 0.015625 0.022130013831258646
58 0.5810546875 0.41839557399723376 0.015380859375 0.021092669432918397
37 0.58154296875 0.3893499308437068 0.0078125 0.016597510373443983
10 0.6103515625 0.359612724757953 0.017333984375 0.019363762102351315
10 0.67724609375 0.359612724757953 0.0107421875 0.010719225449515906
60 0.67626953125 0.4094052558782849 0.03125 0.02351313969571231
93 0.77099609375 0.4024896265560166 0.014404296875 0.022130013831258646
10 0.82080078125 0.4017980636237898 0.0166015625 0.019363762102351315
37 0.84326171875 0.42946058091286304 0.0087890625 0.015214384508990318
37 0.8671875 0.42946058091286304 0.010009765625 0.014868603042876901
37 0.84326171875 0.326417704011065 0.0078125 0.01625172890733057
37 0.8671875 0.326417704011065 0.007568359375 0.01625172890733057
10 0.888671875 0.4017980636237898 0.015625 0.019363762102351315
10 0.91357421875 0.35892116182572614 0.0126953125 0.010027662517289074
10 0.9345703125 0.3575380359612725 0.017333984375 0.019363762102351315
10 0.82275390625 0.2994467496542185 0.0166015625 0.020401106500691563
10 0.88818359375 0.30013831258644535 0.0166015625 0.017980636237897647
60 0.9150390625 0.4087136929460581 0.029541015625 0.02074688796680498
58 0.85546875 0.45643153526970953 0.015869140625 0.02351313969571231
58 0.85546875 0.35477178423236516 0.015380859375 0.021092669432918397
49 0.9423828125 0.38589211618257263 0.015625 0.021784232365145227
12 0.54345703125 0.8271092669432918 0.037109375 0.044605809128630707
58 0.5810546875 0.28284923928077454 0.0146484375 0.023858921161825725
58 0.5087890625 0.2959889349930844 0.017333984375 0.02247579529737206
60 0.3486328125 0.4654218533886584 0.0302734375 0.024896265560165973
97 0.220703125 0.46473029045643155 0.019287109375 0.02627939142461964
97 0.18359375 0.20677731673582295 0.019287109375 0.029045643153526972
97 0.208984375 0.20816044260027664 0.0185546875 0.025933609958506226
39 0.1982421875 0.2669432918395574 0.0107421875 0.008298755186721992