10 0.078125 0.13900414937759337 0.0107421875 0.012448132780082987
10 0.064453125 0.13623789764868602 0.01171875 0.013831258644536652
10 0.17431640625 0.1396957123098202 0.01513671875 0.019363762102351315
58 0.1318359375 0.09612724757952974 0.01611328125 0.021438450899031812
60 0.0791015625 0.09474412171507607 0.0322265625 0.024896265560165973
49 0.05712890625 0.11134163208852006 0.015625 0.022130013831258646
11 0.11962890625 0.14937759336099585 0.0439453125 0.04426002766251729
35 0.38232421875 0.1673582295988935 0.01611328125 0.024204702627939143
37 0.4189453125 0.1376210235131397 0.00927734375 0.015214384508990318
37 0.49462890625 0.12309820193637622 0.00830078125 0.016597510373443983
58 0.4189453125 0.1078838174273859 0.01513671875 0.021438450899031812
58 0.49462890625 0.09336099585062241 0.015625 0.022130013831258646
58 0.49267578125 0.2095435684647303 0.01513671875 0.02074688796680498
58 0.4189453125 0.22337482710926695 0.0146484375 0.02074688796680498
69 0.54931640625 0.15629322268326418 0.01513671875 0.017980636237897647
49 0.8740234375 0.21922544951590595 0.015625 0.022821576763485476
13 0.90283203125 0.2517289073305671 0.0205078125 0.022130013831258646
37 0.83349609375 0.2883817427385892 0.02685546875 0.019363762102351315
37 0.814453125 0.22821576763485477 0.03125 0.029737206085753802
13 0.802734375 0.2773167358229599 0.021484375 0.017289073305670817
37 0.76318359375 0.25103734439834025 0.0126953125 0.026970954356846474
59 0.7607421875 0.22544951590594745 0.01513671875 0.021438450899031812
58 0.76123046875 0.20055325034578148 0.0146484375 0.021438450899031812
60 0.66357421875 0.2987551867219917 0.03076171875 0.022821576763485476
35 0.57958984375 0.2987551867219917 0.02197265625 0.029737206085753802
69 0.5458984375 0.2745504840940526 0.015625 0.015214384508990318
37 0.4921875 0.23858921161825727 0.00732421875 0.017980636237897647
12 0.455078125 0.2918395573997234 0.03076171875 0.043568464730290454
37 0.41796875 0.2524204702627939 0.0087890625 0.01590594744121715
35 0.38232421875 0.2869986168741355 0.01513671875 0.024204702627939143
10 0.18505859375 0.23443983402489627 0.01416015625 0.022130013831258646
10 0.1845703125 0.36099585062240663 0.0146484375 0.02627939142461964
58 0.13232421875 0.39903181189488246 0.0146484375 0.021438450899031812
60 0.078125 0.4004149377593361 0.029296875 0.022130013831258646
49 0.05712890625 0.4170124481327801 0.01513671875 0.021438450899031812
10 0.078125 0.4432918395573997 0.0107421875 0.008990318118948824
10 0.064453125 0.44467496542185336 0.01611328125 0.01867219917012448
10 0.17578125 0.44467496542185336 0.01513671875 0.019363762102351315
11 0.11962890625 0.4536652835408022 0.0419921875 0.042185338865836794
13 0.2265625 0.4951590594744122 0.015625 0.01590594744121715
10 0.2451171875 0.49239280774550487 0.01171875 0.009681881051175657
60 0.2451171875 0.44744121715076074 0.029296875 0.021438450899031812
60 0.2392578125 0.3644536652835408 0.02978515625 0.021438450899031812
10 0.2392578125 0.4142461964038728 0.01171875 0.008990318118948824
37 0.4189453125 0.3879668049792531 0.00830078125 0.015214384508990318
12 0.45849609375 0.4197786998616874 0.0322265625 0.043568464730290454
37 0.49072265625 0.37344398340248963 0.0078125 0.01590594744121715
58 0.4912109375 0.34439834024896265 0.01416015625 0.02351313969571231
13 0.5458984375 0.40387275242047027 0.015625 0.013831258644536652
10 0.57177734375 0.4004149377593361 0.01513671875 0.019363762102351315
35 0.59814453125 0.4287690179806362 0.021484375 0.026970954356846474
49 0.6376953125 0.3727524204702628 0.01611328125 0.02351313969571231
10 0.66259765625 0.33955739972337484 0.01123046875 0.008298755186721992
60 0.6806640625 0.35892116182572614 0.02978515625 0.025587828492392807
10 0.6806640625 0.4004149377593361 0.01025390625 0.01037344398340249
10 0.74853515625 0.4197786998616874 0.01611328125 0.021438450899031812
10 0.74853515625 0.44813278008298757 0.01416015625 0.024204702627939143
13 0.87646484375 0.34232365145228216 0.01953125 0.015214384508990318
35 0.7802734375 0.6058091286307054 0.0224609375 0.029737206085753802
13 0.8994140625 0.5809128630705395 0.01708984375 0.019363762102351315
49 0.71337890625 0.6479944674965422 0.01708984375 0.02351313969571231
60 0.68017578125 0.6002766251728907 0.029296875 0.022821576763485476
10 0.650390625 0.5774550484094052 0.01123046875 0.009681881051175657
10 0.6513671875 0.6265560165975104 0.0107421875 0.008298755186721992
10 0.66796875 0.7019363762102351 0.017578125 0.022821576763485476
10 0.57080078125 0.9024896265560166 0.015625 0.019363762102351315
35 0.64404296875 0.9287690179806363 0.021484375 0.029737206085753802
13 0.54541015625 0.9045643153526971 0.01611328125 0.015214384508990318
37 0.486328125 0.8706777316735823 0.0078125 0.01590594744121715
12 0.4462890625 0.9239280774550485 0.033203125 0.04564315352697095
10 0.3955078125 0.9163208852005532 0.01513671875 0.019363762102351315
10 0.34716796875 0.8533886583679114 0.01025390625 0.008298755186721992
13 0.33154296875 0.8568464730290456 0.01708984375 0.013831258644536652
60 0.34765625 0.8112033195020747 0.03173828125 0.022130013831258646
58 0.4150390625 0.8526970954356846 0.015625 0.021438450899031812
37 0.41357421875 0.8838174273858921 0.00732421875 0.015214384508990318
58 0.4873046875 0.8395573997233748 0.01611328125 0.021438450899031812
10 0.39453125 0.780774550484094 0.0166015625 0.020055325034578148
10 0.57373046875 0.7662517289073306 0.02001953125 0.019363762102351315
13 0.54638671875 0.7683264177040111 0.0166015625 0.014522821576763486
37 0.4912109375 0.7337482710926694 0.00927734375 0.01590594744121715
37 0.41845703125 0.7475795297372061 0.0078125 0.014522821576763486
12 0.453125 0.7863070539419087 0.03173828125 0.04426002766251729
12 0.45263671875 0.6459197786998617 0.0361328125 0.04080221300138313
10 0.57177734375 0.6265560165975104 0.017578125 0.01867219917012448
13 0.54638671875 0.6293222683264177 0.015625 0.014522821576763486
37 0.4912109375 0.5961272475795297 0.00830078125 0.015214384508990318
58 0.4912109375 0.5663900414937759 0.015625 0.022130013831258646
58 0.4189453125 0.5816044260027663 0.01513671875 0.021438450899031812
37 0.41845703125 0.6106500691562933 0.0078125 0.016597510373443983
10 0.3896484375 0.640387275242047 0.01708984375 0.019363762102351315
10 0.32275390625 0.640387275242047 0.0107421875 0.01037344398340249
60 0.32373046875 0.5905947441217151 0.03125 0.02351313969571231
93 0.22900390625 0.5975103734439834 0.01416015625 0.022130013831258646
10 0.17919921875 0.5982019363762102 0.0166015625 0.019363762102351315
37 0.15673828125 0.5705394190871369 0.0087890625 0.015214384508990318
37 0.1328125 0.5705394190871369 0.01025390625 0.014522821576763486
37 0.15673828125 0.673582295988935 0.0078125 0.01590594744121715
37 0.1328125 0.673582295988935 0.00732421875 0.01590594744121715
10 0.111328125 0.5982019363762102 0.015625 0.019363762102351315
10 0.08642578125 0.6410788381742739 0.0126953125 0.01037344398340249
10 0.0654296875 0.6424619640387276 0.01708984375 0.019363762102351315
10 0.17724609375 0.7005532503457814 0.0166015625 0.020055325034578148
10 0.11181640625 0.6998616874135546 0.0166015625 0.017980636237897647
60 0.0849609375 0.5912863070539419 0.02978515625 0.02074688796680498
58 0.14453125 0.5435684647302904 0.01611328125 0.02351313969571231
58 0.14453125 0.6452282157676349 0.01513671875 0.021438450899031812
49 0.0576171875 0.6141078838174274 0.015625 0.021438450899031812
12 0.45654296875 0.17289073305670816 0.037109375 0.04495159059474412
58 0.4189453125 0.7171507607192255 0.0146484375 0.024204702627939143
58 0.4912109375 0.7040110650069157 0.01708984375 0.022821576763485476
60 0.6513671875 0.5345781466113416 0.0302734375 0.024896265560165973
97 0.779296875 0.5352697095435685 0.01904296875 0.02627939142461964
97 0.81640625 0.793222683264177 0.01904296875 0.029045643153526972
97 0.791015625 0.7918395573997233 0.0185546875 0.025587828492392807
39 0.8017578125 0.7330567081604425 0.0107421875 0.008298755186721992