37 0.130859375 0.2351313969571231 0.007568359375 0.015214384508990318
37 0.1005859375 0.24204702627939143 0.011474609375 0.01625172890733057
37 0.068359375 0.2710926694329184 0.027099609375 0.024896265560165973
37 0.109375 0.1991701244813278 0.0146484375 0.015214384508990318
37 0.1982421875 0.5712309820193637 0.013671875 0.022130013831258646
37 0.22998046875 0.5705394190871369 0.0068359375 0.016597510373443983
37 0.177734375 0.6853388658367912 0.0234375 0.015560165975103735
37 0.2880859375 0.7655601659751037 0.0146484375 0.016597510373443983
37 0.3212890625 0.7178423236514523 0.010009765625 0.021784232365145227
37 0.3837890625 0.7372060857538036 0.0068359375 0.01625172890733057
37 0.455078125 0.7372060857538036 0.007568359375 0.013831258644536652
37 0.4541015625 0.8609958506224067 0.006103515625 0.015214384508990318
37 0.48486328125 0.8865836791147994 0.014892578125 0.01625172890733057
37 0.3828125 0.8582295988934993 0.006103515625 0.015214384508990318
37 0.47705078125 0.7648686030428768 0.014892578125 0.01625172890733057
37 0.67236328125 0.677731673582296 0.022705078125 0.015214384508990318
37 0.517578125 0.598893499308437 0.0185546875 0.01625172890733057
37 0.54833984375 0.573997233748271 0.01171875 0.021784232365145227
37 0.5830078125 0.5705394190871369 0.01171875 0.019363762102351315
37 0.78466796875 0.35477178423236516 0.020751953125 0.015560165975103735
37 0.6884765625 0.41009681881051174 0.011474609375 0.018326417704011066
37 0.63427734375 0.39073305670816044 0.014404296875 0.015214384508990318
37 0.462890625 0.3914246196403873 0.0126953125 0.015214384508990318
37 0.39794921875 0.41009681881051174 0.010986328125 0.016597510373443983
37 0.306640625 0.3575380359612725 0.023193359375 0.015214384508990318
37 0.44091796875 0.2869986168741355 0.017578125 0.016597510373443983
37 0.640625 0.2869986168741355 0.017822265625 0.016597510373443983
37 0.65869140625 0.23720608575380359 0.01171875 0.021092669432918397
37 0.69873046875 0.18603042876901799 0.014892578125 0.015560165975103735
58 0.1318359375 0.26141078838174275 0.013916015625 0.01970954356846473
58 0.3837890625 0.8243430152143845 0.015380859375 0.02074688796680498
58 0.45458984375 0.822268326417704 0.015625 0.022130013831258646
58 0.455078125 0.710926694329184 0.013671875 0.019363762102351315
58 0.384765625 0.710926694329184 0.015380859375 0.01970954356846473
69 0.3623046875 0.8858921161825726 0.015380859375 0.015214384508990318
69 0.3623046875 0.76417704011065 0.015869140625 0.015560165975103735
69 0.7705078125 0.2669432918395574 0.015380859375 0.0169432918395574
69 0.67626953125 0.23720608575380359 0.012939453125 0.021092669432918397
69 0.640625 0.2627939142461964 0.017578125 0.014177040110650069
69 0.4423828125 0.2627939142461964 0.01953125 0.01625172890733057
69 0.44189453125 0.3112033195020747 0.016845703125 0.01625172890733057
69 0.345703125 0.23720608575380359 0.011474609375 0.022130013831258646
37 0.30810546875 0.598893499308437 0.015625 0.01625172890733057
64 0.3095703125 0.6811894882434302 0.015869140625 0.020401106500691563
64 0.380859375 0.37344398340248963 0.013916015625 0.021784232365145227
64 0.41552734375 0.37344398340248963 0.015625 0.017980636237897647
64 0.6669921875 0.37344398340248963 0.015869140625 0.022130013831258646
64 0.7001953125 0.3706777316735823 0.013916015625 0.015214384508990318
64 0.5185546875 0.6804979253112033 0.015625 0.019363762102351315
47 0.20751953125 0.6168741355463347 0.013671875 0.01970954356846473
91 0.24267578125 0.6376210235131397 0.106689453125 0.10235131396957123
48 0.28857421875 0.5608575380359613 0.013671875 0.020401106500691563
4 0.24609375 0.553941908713693 0.0185546875 0.024896265560165973
78 0.2685546875 0.5525587828492393 0.011474609375 0.013831258644536652
25 0.3330078125 0.7621023513139695 0.021728515625 0.022130013831258646
47 0.3388671875 0.29114799446749656 0.013671875 0.02074688796680498
91 0.3759765625 0.30567081604426005 0.109619140625 0.10269709543568464
48 0.39404296875 0.22821576763485477 0.013671875 0.021784232365145227
4 0.36767578125 0.21922544951590595 0.010986328125 0.015214384508990318
4 0.69775390625 0.22199170124481327 0.0126953125 0.014868603042876901
4 0.595703125 0.5525587828492393 0.011962890625 0.016597510373443983
78 0.61083984375 0.5560165975103735 0.01171875 0.014177040110650069
70 0.4111328125 0.8872752420470262 0.0302734375 0.022130013831258646
72 0.17578125 0.7157676348547718 0.02734375 0.017634854771784232
72 0.783203125 0.3699861687413555 0.025146484375 0.015560165975103735
47 0.7412109375 0.3070539419087137 0.013671875 0.01970954356846473
91 0.7041015625 0.30428769017980634 0.1083984375 0.1037344398340249
48 0.744140625 0.22821576763485477 0.0146484375 0.01970954356846473
69 0.64111328125 0.3112033195020747 0.017578125 0.016597510373443983
13 0.42333984375 0.22614107883817428 0.0126953125 0.04253112033195021
72 0.30615234375 0.37136929460580914 0.0283203125 0.014868603042876901
70 0.41064453125 0.7662517289073306 0.028564453125 0.02455048409405256
72 0.6708984375 0.7136929460580913 0.025634765625 0.01625172890733057
47 0.62109375 0.6141078838174274 0.013671875 0.01970954356846473
91 0.583984375 0.6390041493775933 0.1083984375 0.10477178423236515
48 0.62890625 0.5615491009681881 0.019775390625 0.02247579529737206
85 0.43603515625 0.7634854771784232 0.01953125 0.02627939142461964
85 0.435546875 0.8838174273858921 0.017822265625 0.02351313969571231
56 0.0478515625 0.35892116182572614 0.048583984375 0.07192254495159059