35 0.580078125 0.3070539419087137 0.017578125 0.025587828492392807
35 0.4072265625 0.8582295988934993 0.0166015625 0.026970954356846474
95 0.36279296875 0.24204702627939143 0.01318359375 0.02351313969571231
95 0.26025390625 0.2413554633471646 0.01318359375 0.025587828492392807
95 0.212890625 0.24204702627939143 0.01318359375 0.02351313969571231
95 0.11083984375 0.24273858921161826 0.013671875 0.022821576763485476
96 0.15087890625 0.3084370677731674 0.01513671875 0.06154910096818811
96 0.30078125 0.30774550484094054 0.01416015625 0.06016597510373444
69 0.15087890625 0.24273858921161826 0.01171875 0.02351313969571231
69 0.171875 0.24273858921161826 0.01123046875 0.022821576763485476
69 0.30029296875 0.24204702627939143 0.01123046875 0.022821576763485476
69 0.322265625 0.24273858921161826 0.01171875 0.022130013831258646
73 0.46142578125 0.2053941908713693 0.01806640625 0.022821576763485476
34 0.1591796875 0.45712309820193636 0.07421875 0.14937759336099585
34 0.3095703125 0.45850622406639 0.07275390625 0.14937759336099585
28 0.3203125 0.36583679114799444 0.005859375 0.027662517289073305
28 0.29931640625 0.36583679114799444 0.0068359375 0.027662517289073305
28 0.3583984375 0.4197786998616874 0.00634765625 0.0318118948824343
28 0.35302734375 0.5020746887966805 0.0068359375 0.029045643153526972
28 0.25927734375 0.45504840940525587 0.005859375 0.030428769017980636
28 0.29833984375 0.549792531120332 0.00732421875 0.029045643153526972
28 0.31982421875 0.549792531120332 0.005859375 0.028354080221300138
28 0.203125 0.5013831258644537 0.005859375 0.029737206085753802
28 0.17041015625 0.5504840940525588 0.00634765625 0.029045643153526972
28 0.14892578125 0.5504840940525588 0.005859375 0.029737206085753802
28 0.10986328125 0.45504840940525587 0.00537109375 0.029737206085753802
28 0.208984375 0.4211618257261411 0.00634765625 0.030428769017980636
28 0.169921875 0.3665283540802213 0.005859375 0.027662517289073305
28 0.1494140625 0.36583679114799444 0.00732421875 0.027662517289073305
91 0.5751953125 0.2157676348547718 0.05029296875 0.0656984785615491
10 0.53369140625 0.15214384508990317 0.01708984375 0.014522821576763486
10 0.150390625 0.6687413554633471 0.009765625 0.02351313969571231
10 0.17236328125 0.5850622406639004 0.00927734375 0.02351313969571231
10 0.20556640625 0.5449515905947441 0.01025390625 0.02351313969571231
10 0.32177734375 0.5843706777316736 0.0107421875 0.02351313969571231
10 0.35546875 0.5442600276625172 0.009765625 0.024204702627939143
10 0.37890625 0.6016597510373444 0.01611328125 0.015214384508990318
10 0.44482421875 0.6023513139695712 0.0166015625 0.014522821576763486
10 0.36376953125 0.648686030428769 0.009765625 0.024896265560165973
10 0.30078125 0.6804979253112033 0.0107421875 0.02351313969571231
10 0.31298828125 0.7683264177040111 0.01123046875 0.024204702627939143
10 0.3798828125 0.8354080221300139 0.0166015625 0.014522821576763486
10 0.46630859375 0.9239280774550485 0.01708984375 0.01590594744121715
10 0.5224609375 0.9177040110650069 0.01611328125 0.014522821576763486
69 0.5009765625 0.9163208852005532 0.01611328125 0.016597510373443983
12 0.48193359375 0.9370677731673582 0.0419921875 0.04495159059474412
91 0.4248046875 0.9135546334716459 0.068359375 0.0698478561549101
42 0.412109375 0.6023513139695712 0.04345703125 0.058091286307053944
46 0.541015625 0.1991701244813278 0.013671875 0.021438450899031812
45 0.541015625 0.22268326417704012 0.0146484375 0.020055325034578148
65 0.51416015625 0.17634854771784234 0.02880859375 0.02627939142461964