35 0.580078125 0.3070539419087137 0.017578125 0.025242047026279392
35 0.4072265625 0.8582295988934993 0.0166015625 0.026625172890733056
95 0.36279296875 0.24204702627939143 0.012939453125 0.02351313969571231
95 0.26025390625 0.2413554633471646 0.012939453125 0.025933609958506226
95 0.212890625 0.24204702627939143 0.013427734375 0.02351313969571231
95 0.11083984375 0.24273858921161826 0.013671875 0.023167358229598894
96 0.15087890625 0.3084370677731674 0.014892578125 0.061203319502074686
96 0.30078125 0.30774550484094054 0.013916015625 0.059820193637621026
69 0.15087890625 0.24273858921161826 0.01171875 0.02351313969571231
69 0.171875 0.24273858921161826 0.011474609375 0.023167358229598894
69 0.30029296875 0.24204702627939143 0.010986328125 0.02247579529737206
69 0.322265625 0.24273858921161826 0.01171875 0.022130013831258646
73 0.46142578125 0.2053941908713693 0.018310546875 0.023167358229598894
34 0.1591796875 0.45712309820193636 0.07421875 0.14937759336099585
34 0.3095703125 0.45850622406639 0.072509765625 0.14937759336099585
28 0.3203125 0.36583679114799444 0.005859375 0.027662517289073305
28 0.29931640625 0.36583679114799444 0.0068359375 0.027662517289073305
28 0.3583984375 0.4197786998616874 0.006103515625 0.0318118948824343
28 0.35302734375 0.5020746887966805 0.0068359375 0.029045643153526972
28 0.25927734375 0.45504840940525587 0.005859375 0.030428769017980636
28 0.29833984375 0.549792531120332 0.007080078125 0.029045643153526972
28 0.31982421875 0.549792531120332 0.005859375 0.028699861687413553
28 0.203125 0.5013831258644537 0.005859375 0.029391424619640387
28 0.17041015625 0.5504840940525588 0.006591796875 0.029045643153526972
28 0.14892578125 0.5504840940525588 0.005859375 0.03008298755186722
28 0.10986328125 0.45504840940525587 0.005126953125 0.03008298755186722
28 0.208984375 0.4211618257261411 0.006103515625 0.030428769017980636
28 0.169921875 0.3665283540802213 0.005859375 0.027662517289073305
28 0.1494140625 0.36583679114799444 0.007568359375 0.027662517289073305
91 0.5751953125 0.2157676348547718 0.050537109375 0.06604426002766252
10 0.53369140625 0.15214384508990317 0.016845703125 0.014177040110650069
10 0.150390625 0.6687413554633471 0.009765625 0.02351313969571231
10 0.17236328125 0.5850622406639004 0.009033203125 0.02351313969571231
10 0.20556640625 0.5449515905947441 0.010498046875 0.02351313969571231
10 0.32177734375 0.5843706777316736 0.0107421875 0.02351313969571231
10 0.35546875 0.5442600276625172 0.009765625 0.023858921161825725
10 0.37890625 0.6016597510373444 0.015869140625 0.015214384508990318
10 0.44482421875 0.6023513139695712 0.0166015625 0.014868603042876901
10 0.36376953125 0.648686030428769 0.009765625 0.024896265560165973
10 0.30078125 0.6804979253112033 0.0107421875 0.02351313969571231
10 0.31298828125 0.7683264177040111 0.010986328125 0.023858921161825725
10 0.3798828125 0.8354080221300139 0.0166015625 0.014177040110650069
10 0.46630859375 0.9239280774550485 0.016845703125 0.01625172890733057
10 0.5224609375 0.9177040110650069 0.015869140625 0.014868603042876901
69 0.5009765625 0.9163208852005532 0.015869140625 0.016597510373443983
12 0.48193359375 0.9370677731673582 0.0419921875 0.04529737206085754
91 0.4248046875 0.9135546334716459 0.068359375 0.07019363762102351
42 0.412109375 0.6023513139695712 0.043212890625 0.058091286307053944
46 0.541015625 0.1991701244813278 0.013671875 0.021784232365145227
45 0.541015625 0.22268326417704012 0.0146484375 0.01970954356846473
65 0.51416015625 0.17634854771784234 0.028564453125 0.02627939142461964