56 0.3154296875 0.7143845089903181 0.064697265625 0.09405255878284924
56 0.31640625 0.4681881051175657 0.058837890625 0.09785615491009682
92 0.240234375 0.7655601659751037 0.015380859375 0.02351313969571231
92 0.240234375 0.7185338865836791 0.0146484375 0.021092669432918397
92 0.392578125 0.7185338865836791 0.015380859375 0.021092669432918397
92 0.392578125 0.7662517289073306 0.013916015625 0.022130013831258646
92 0.39208984375 0.5193637621023514 0.0146484375 0.02074688796680498
92 0.392578125 0.4730290456431535 0.013916015625 0.01970954356846473
92 0.240234375 0.520746887966805 0.013916015625 0.02351313969571231
92 0.240234375 0.4723374827109267 0.013916015625 0.02074688796680498
10 0.22119140625 0.44951590594744123 0.015625 0.0169432918395574
10 0.22119140625 0.49654218533886585 0.016357421875 0.01625172890733057
10 0.4365234375 0.44951590594744123 0.0166015625 0.015214384508990318
10 0.43603515625 0.4972337482710927 0.016357421875 0.016597510373443983
10 0.4365234375 0.6950207468879668 0.0166015625 0.015560165975103735
10 0.4365234375 0.7420470262793915 0.0166015625 0.015560165975103735
10 0.22119140625 0.6957123098201936 0.016357421875 0.015214384508990318
10 0.22119140625 0.7427385892116183 0.0166015625 0.014177040110650069
37 0.55078125 0.6950207468879668 0.017333984375 0.015214384508990318