56 0.3154296875 0.28561549100968187 0.06494140625 0.09405255878284924
56 0.31640625 0.5318118948824343 0.05908203125 0.0975103734439834
92 0.240234375 0.23443983402489627 0.01513671875 0.02351313969571231
92 0.240234375 0.2814661134163209 0.0146484375 0.021438450899031812
92 0.392578125 0.2814661134163209 0.01513671875 0.021438450899031812
92 0.392578125 0.23374827109266944 0.01416015625 0.022130013831258646
92 0.39208984375 0.4806362378976487 0.0146484375 0.02074688796680498
92 0.392578125 0.5269709543568465 0.01416015625 0.020055325034578148
92 0.240234375 0.47925311203319504 0.01416015625 0.02351313969571231
92 0.240234375 0.5276625172890733 0.01416015625 0.02074688796680498
10 0.22119140625 0.5504840940525588 0.015625 0.017289073305670817
10 0.22119140625 0.5034578146611342 0.01611328125 0.01590594744121715
10 0.4365234375 0.5504840940525588 0.0166015625 0.015214384508990318
10 0.43603515625 0.5027662517289073 0.01611328125 0.016597510373443983
10 0.4365234375 0.3049792531120332 0.0166015625 0.01590594744121715
10 0.4365234375 0.2579529737206086 0.0166015625 0.01590594744121715
10 0.22119140625 0.30428769017980634 0.01611328125 0.015214384508990318
10 0.22119140625 0.2572614107883817 0.0166015625 0.014522821576763486
37 0.55078125 0.3049792531120332 0.01708984375 0.015214384508990318