34 0.759765625 0.4287690179806362 0.072021484375 0.14937759336099585
34 0.60888671875 0.43084370677731676 0.071533203125 0.15318118948824344
28 0.60888671875 0.5221300138312587 0.007080078125 0.030428769017980636
28 0.65478515625 0.40387275242047027 0.021484375 0.008644536652835409
28 0.759765625 0.5214384508990318 0.006103515625 0.03008298755186722
28 0.80517578125 0.40387275242047027 0.020751953125 0.012448132780082987
28 0.5009765625 0.3561549100968188 0.01953125 0.00933609958506224
28 0.37646484375 0.35684647302904565 0.0205078125 0.011065006915629323
6 0.7568359375 0.6673582295988935 0.013427734375 0.02351313969571231
6 0.6064453125 0.6673582295988935 0.013671875 0.024896265560165973
6 0.67919921875 0.40802213001383125 0.017578125 0.02074688796680498
6 0.8291015625 0.40802213001383125 0.01953125 0.019363762102351315
1 0.75 0.6058091286307054 0.0517578125 0.04426002766251729
1 0.599609375 0.6051175656984785 0.0537109375 0.04253112033195021
13 0.39501953125 0.36168741355463346 0.0166015625 0.016597510373443983
13 0.51708984375 0.3603042876901798 0.017578125 0.017980636237897647
13 0.33935546875 0.627939142461964 0.0126953125 0.009681881051175657
13 0.33984375 0.7136929460580913 0.013916015625 0.009681881051175657
37 0.65234375 0.7655601659751037 0.009765625 0.08402489626556017
37 0.3349609375 0.5069156293222683 0.008056640625 0.015560165975103735
37 0.4599609375 0.5062240663900415 0.007568359375 0.017980636237897647
37 0.46435546875 0.34163208852005533 0.005859375 0.016597510373443983
37 0.4755859375 0.3561549100968188 0.009765625 0.008298755186721992
37 0.4755859375 0.367911479944675 0.010009765625 0.006915629322268326
37 0.4423828125 0.35684647302904565 0.0107421875 0.007952973720608575
37 0.3505859375 0.3665283540802213 0.011474609375 0.008298755186721992
37 0.35107421875 0.35684647302904565 0.009765625 0.006915629322268326
37 0.3388671875 0.34232365145228216 0.0048828125 0.016597510373443983
37 0.31787109375 0.3561549100968188 0.0107421875 0.010027662517289074
37 0.35693359375 0.7482710926694329 0.014404296875 0.017980636237897647
37 0.357421875 0.6625172890733056 0.013916015625 0.015214384508990318
98 0.33056640625 0.44536652835408025 0.074951171875 0.2835408022130014
98 0.44775390625 0.4467496542185339 0.0908203125 0.2714384508990318
41 0.39697265625 0.6265560165975104 0.01953125 0.02455048409405256
41 0.396484375 0.7143845089903181 0.0185546875 0.020401106500691563
63 0.42333984375 0.640387275242047 0.0166015625 0.04149377593360996
63 0.4228515625 0.7254495159059474 0.015380859375 0.04322268326417704
17 0.3759765625 0.6964038727524204 0.15625 0.22268326417704012
3 0.89892578125 0.2966804979253112 0.0478515625 0.040110650069156296