34 0.240234375 0.4287690179806362 0.07177734375 0.14937759336099585
34 0.39111328125 0.43084370677731676 0.07177734375 0.15283540802213003
28 0.39111328125 0.5221300138312587 0.00732421875 0.030428769017980636
28 0.34521484375 0.40387275242047027 0.021484375 0.008990318118948824
28 0.240234375 0.5214384508990318 0.00634765625 0.029737206085753802
28 0.19482421875 0.40387275242047027 0.02099609375 0.012448132780082987
28 0.4990234375 0.3561549100968188 0.01953125 0.008990318118948824
28 0.62353515625 0.35684647302904565 0.0205078125 0.011065006915629323
6 0.2431640625 0.6673582295988935 0.01318359375 0.02351313969571231
6 0.3935546875 0.6673582295988935 0.013671875 0.024896265560165973
6 0.32080078125 0.40802213001383125 0.017578125 0.02074688796680498
6 0.1708984375 0.40802213001383125 0.01953125 0.019363762102351315
1 0.25 0.6058091286307054 0.0517578125 0.04426002766251729
1 0.400390625 0.6051175656984785 0.0537109375 0.042185338865836794
13 0.60498046875 0.36168741355463346 0.0166015625 0.016597510373443983
13 0.48291015625 0.3603042876901798 0.017578125 0.017980636237897647
13 0.66064453125 0.627939142461964 0.0126953125 0.009681881051175657
13 0.66015625 0.7136929460580913 0.01416015625 0.009681881051175657
37 0.34765625 0.7655601659751037 0.009765625 0.08367911479944674
37 0.6650390625 0.5069156293222683 0.00830078125 0.01590594744121715
37 0.5400390625 0.5062240663900415 0.00732421875 0.017980636237897647
37 0.53564453125 0.34163208852005533 0.005859375 0.016597510373443983
37 0.5244140625 0.3561549100968188 0.009765625 0.008298755186721992
37 0.5244140625 0.367911479944675 0.01025390625 0.006915629322268326
37 0.5576171875 0.35684647302904565 0.0107421875 0.007607192254495159
37 0.6494140625 0.3665283540802213 0.01123046875 0.008298755186721992
37 0.64892578125 0.35684647302904565 0.009765625 0.006915629322268326
37 0.6611328125 0.34232365145228216 0.0048828125 0.016597510373443983
37 0.68212890625 0.3561549100968188 0.0107421875 0.01037344398340249
37 0.64306640625 0.7482710926694329 0.01416015625 0.017980636237897647
37 0.642578125 0.6625172890733056 0.01416015625 0.015214384508990318
98 0.66943359375 0.44536652835408025 0.07470703125 0.2835408022130014
98 0.55224609375 0.4467496542185339 0.0908203125 0.2717842323651452
41 0.60302734375 0.6265560165975104 0.01953125 0.024204702627939143
41 0.603515625 0.7143845089903181 0.0185546875 0.020055325034578148
63 0.57666015625 0.640387275242047 0.0166015625 0.04149377593360996
63 0.5771484375 0.7254495159059474 0.01513671875 0.043568464730290454
17 0.6240234375 0.6964038727524204 0.15625 0.22268326417704012
3 0.10107421875 0.2966804979253112 0.0478515625 0.040110650069156296