37 0.12890625 0.3651452282157676 0.0126953125 0.011410788381742738
37 0.1455078125 0.4322268326417704 0.0107421875 0.009681881051175657
37 0.18994140625 0.4211618257261411 0.005126953125 0.015560165975103735
37 0.2392578125 0.4211618257261411 0.006103515625 0.014868603042876901
37 0.25537109375 0.4336099585062241 0.012451171875 0.00933609958506224
37 0.27001953125 0.43291839557399725 0.0107421875 0.008298755186721992
37 0.34033203125 0.43983402489626555 0.016845703125 0.01625172890733057
37 0.41357421875 0.4114799446749654 0.012451171875 0.02627939142461964
37 0.43505859375 0.4135546334716459 0.012451171875 0.02351313969571231
37 0.46435546875 0.4142461964038728 0.0126953125 0.023167358229598894
37 0.06396484375 0.18948824343015214 0.024658203125 0.016597510373443983
37 0.091796875 0.19017980636237897 0.023193359375 0.015214384508990318
37 0.640625 0.4142461964038728 0.0126953125 0.023858921161825725
37 0.609375 0.41217150760719223 0.0126953125 0.025242047026279392
37 0.587890625 0.41217150760719223 0.011962890625 0.02627939142461964
37 0.84130859375 0.7683264177040111 0.017578125 0.017634854771784232
37 0.7275390625 0.7683264177040111 0.015869140625 0.015560165975103735
37 0.72998046875 0.8236514522821576 0.013671875 0.023167358229598894
37 0.32421875 0.7226832641770401 0.017578125 0.017634854771784232
37 0.21435546875 0.7240663900414938 0.016845703125 0.017634854771784232
37 0.17138671875 0.8015214384508991 0.0126953125 0.02351313969571231
37 0.1201171875 0.65283540802213 0.015869140625 0.017980636237897647
37 0.10302734375 0.6092669432918395 0.012451171875 0.025933609958506226
37 0.2138671875 0.5926694329183956 0.0166015625 0.017980636237897647
95 0.4326171875 0.334716459197787 0.0107421875 0.011065006915629323
95 0.43212890625 0.3755186721991701 0.010986328125 0.012448132780082987
95 0.11376953125 0.23789764868603042 0.0107421875 0.013485477178423237
95 0.1142578125 0.2773167358229599 0.0107421875 0.012448132780082987
95 0.1748046875 0.6500691562932227 0.0087890625 0.01970954356846473
95 0.1474609375 0.6500691562932227 0.009521484375 0.01625172890733057
95 0.60693359375 0.3360995850622407 0.01171875 0.013831258644536652
95 0.607421875 0.3755186721991701 0.011474609375 0.012102351313969572
34 0.421875 0.14246196403872752 0.072509765625 0.1590594744121715
34 0.59619140625 0.14453665283540804 0.072998046875 0.16044260027662519
28 0.47119140625 0.13831258644536654 0.020263671875 0.02247579529737206
28 0.46728515625 0.15352697095435686 0.01953125 0.019017980636237896
28 0.4521484375 0.24066390041493776 0.007568359375 0.029045643153526972
28 0.43359375 0.2413554633471646 0.006103515625 0.028699861687413553
28 0.4111328125 0.2413554633471646 0.006103515625 0.029391424619640387
28 0.392578125 0.2413554633471646 0.0078125 0.029045643153526972
28 0.56689453125 0.2413554633471646 0.007080078125 0.031466113416320884
28 0.58642578125 0.2392807745504841 0.006591796875 0.030428769017980636
28 0.60791015625 0.23997233748271093 0.0068359375 0.0318118948824343
28 0.62646484375 0.23997233748271093 0.006591796875 0.031466113416320884
28 0.64111328125 0.15491009681881052 0.0185546875 0.021784232365145227
28 0.64599609375 0.13692946058091288 0.018798828125 0.01970954356846473
69 0.3046875 0.7240663900414938 0.017578125 0.016597510373443983
69 0.3623046875 0.6908713692946058 0.011474609375 0.025933609958506226
69 0.8974609375 0.7697095435684648 0.015869140625 0.015560165975103735
69 0.3203125 0.4405255878284924 0.017578125 0.015560165975103735
69 0.36279296875 0.46196403872752423 0.0126953125 0.02455048409405256
58 0.34375 0.7005532503457814 0.013916015625 0.022130013831258646
58 0.20361328125 0.7012448132780082 0.0146484375 0.01970954356846473
58 0.20361328125 0.5691562932226832 0.014404296875 0.020401106500691563
58 0.16064453125 0.6175656984785616 0.010498046875 0.013831258644536652
58 0.1376953125 0.2572614107883817 0.01171875 0.016597510373443983
58 0.23876953125 0.4045643153526971 0.013671875 0.014868603042876901
58 0.35205078125 0.41770401106500693 0.013671875 0.02247579529737206
15 0.2548828125 0.7282157676348547 0.060546875 0.09508990318118948
85 0.1611328125 0.6549100968188105 0.056396484375 0.11203319502074689
15 0.25390625 0.5836791147994468 0.060546875 0.09993084370677732
85 0.14453125 0.25933609958506226 0.1171875 0.0867911479944675
91 0.10693359375 0.13831258644536654 0.092529296875 0.07226832641770402
1 0.453125 0.3582295988934993 0.082275390625 0.07607192254495158
1 0.62744140625 0.35892116182572614 0.080078125 0.07607192254495158
21 0.7841796875 0.7448132780082988 0.091796875 0.061894882434301524
84 0.09814453125 0.17289073305670816 0.018310546875 0.02074688796680498
84 0.21533203125 0.47372060857538034 0.0107421875 0.020401106500691563
37 0.2001953125 0.3824343015214384 0.01171875 0.008298755186721992