10 0.2333984375 0.24343015214384509 0.02197265625 0.024204702627939143
10 0.58203125 0.23029045643153526 0.017578125 0.024204702627939143
10 0.5830078125 0.43084370677731676 0.01806640625 0.024204702627939143
10 0.23388671875 0.4460580912863071 0.02001953125 0.022130013831258646
10 0.2333984375 0.6680497925311203 0.02099609375 0.025587828492392807
10 0.5810546875 0.6549100968188105 0.01806640625 0.021438450899031812
37 0.703125 0.6258644536652835 0.0185546875 0.029737206085753802
37 0.67529296875 0.5643153526970954 0.01806640625 0.029737206085753802
37 0.44677734375 0.6217150760719226 0.02783203125 0.01867219917012448
37 0.318359375 0.6334716459197787 0.0283203125 0.017289073305670817
37 0.3134765625 0.40802213001383125 0.02734375 0.01590594744121715
37 0.44482421875 0.39557399723374825 0.0263671875 0.017289073305670817
37 0.30908203125 0.20262793914246197 0.02783203125 0.017980636237897647
37 0.44140625 0.19225449515905949 0.0263671875 0.01590594744121715
58 0.3095703125 0.6009681881051175 0.01513671875 0.025587828492392807
58 0.4384765625 0.5885200553250346 0.0166015625 0.022821576763485476
32 0.751953125 0.607192254495159 0.01708984375 0.022821576763485476
49 0.673828125 0.6244813278008299 0.015625 0.024204702627939143
58 0.43603515625 0.3644536652835408 0.0166015625 0.022130013831258646
58 0.30517578125 0.37621023513139695 0.01513671875 0.022821576763485476
58 0.4326171875 0.1632088520055325 0.01611328125 0.022130013831258646
58 0.30029296875 0.17496542185338865 0.01611328125 0.022130013831258646
12 0.36962890625 0.4488243430152144 0.03662109375 0.048409405255878286
12 0.36865234375 0.6721991701244814 0.03466796875 0.048409405255878286
12 0.37158203125 0.24550484094052558 0.04052734375 0.04633471645919779
13 0.5390625 0.23098201936376211 0.01953125 0.014522821576763486
13 0.53955078125 0.4336099585062241 0.0185546875 0.017289073305670817
13 0.53955078125 0.6562932226832642 0.02001953125 0.01590594744121715