10 0.2333984375 0.24343015214384509 0.021728515625 0.02455048409405256
10 0.58203125 0.23029045643153526 0.017578125 0.023858921161825725
10 0.5830078125 0.43084370677731676 0.017822265625 0.023858921161825725
10 0.23388671875 0.4460580912863071 0.020263671875 0.022130013831258646
10 0.2333984375 0.6680497925311203 0.021240234375 0.025242047026279392
10 0.5810546875 0.6549100968188105 0.017822265625 0.021092669432918397
37 0.703125 0.6258644536652835 0.0185546875 0.029391424619640387
37 0.67529296875 0.5643153526970954 0.018310546875 0.03008298755186722
37 0.44677734375 0.6217150760719226 0.028076171875 0.018326417704011066
37 0.318359375 0.6334716459197787 0.0283203125 0.0169432918395574
37 0.3134765625 0.40802213001383125 0.02734375 0.01625172890733057
37 0.44482421875 0.39557399723374825 0.0263671875 0.0169432918395574
37 0.30908203125 0.20262793914246197 0.028076171875 0.017980636237897647
37 0.44140625 0.19225449515905949 0.0263671875 0.01625172890733057
58 0.3095703125 0.6009681881051175 0.015380859375 0.025933609958506226
58 0.4384765625 0.5885200553250346 0.0166015625 0.023167358229598894
32 0.751953125 0.607192254495159 0.017333984375 0.02247579529737206
49 0.673828125 0.6244813278008299 0.015625 0.023858921161825725
58 0.43603515625 0.3644536652835408 0.0166015625 0.022130013831258646
58 0.30517578125 0.37621023513139695 0.014892578125 0.02247579529737206
58 0.4326171875 0.1632088520055325 0.015869140625 0.022130013831258646
58 0.30029296875 0.17496542185338865 0.016357421875 0.022130013831258646
12 0.36962890625 0.4488243430152144 0.036376953125 0.048409405255878286
12 0.36865234375 0.6721991701244814 0.034423828125 0.048409405255878286
12 0.37158203125 0.24550484094052558 0.040283203125 0.045988934993084374
13 0.5390625 0.23098201936376211 0.01953125 0.014177040110650069
13 0.53955078125 0.4336099585062241 0.0185546875 0.017634854771784232
13 0.53955078125 0.6562932226832642 0.020263671875 0.015560165975103735