10 0.22119140625 0.7448132780082988 0.018310546875 0.020401106500691563
10 0.22119140625 0.6984785615491009 0.016845703125 0.021784232365145227
10 0.43603515625 0.7455048409405256 0.016357421875 0.02247579529737206
10 0.4365234375 0.6984785615491009 0.015869140625 0.019363762102351315
10 0.4365234375 0.49930843706777317 0.017333984375 0.021784232365145227
10 0.4365234375 0.4529737206085754 0.017333984375 0.02074688796680498
10 0.22119140625 0.49861687413554634 0.016845703125 0.020401106500691563
10 0.22119140625 0.4515905947441217 0.0166015625 0.019363762102351315
92 0.39306640625 0.5193637621023514 0.016845703125 0.023167358229598894
92 0.39306640625 0.47164591977869985 0.017578125 0.02455048409405256
92 0.2412109375 0.4730290456431535 0.017333984375 0.022130013831258646
92 0.240234375 0.5214384508990318 0.013671875 0.024896265560165973
92 0.24072265625 0.7662517289073306 0.014404296875 0.02351313969571231
92 0.240234375 0.7185338865836791 0.015625 0.02351313969571231
92 0.39306640625 0.7178423236514523 0.015625 0.01970954356846473
92 0.392578125 0.7669432918395575 0.013671875 0.02351313969571231
37 0.466796875 0.6964038727524204 0.0166015625 0.019363762102351315
56 0.31640625 0.46887966804979253 0.08203125 0.10235131396957123
56 0.31640625 0.7164591977869986 0.084228515625 0.1037344398340249