10 0.22119140625 0.2551867219917012 0.01806640625 0.020055325034578148
10 0.22119140625 0.301521438450899 0.01708984375 0.021438450899031812
10 0.43603515625 0.2544951590594744 0.01611328125 0.022821576763485476
10 0.4365234375 0.301521438450899 0.01611328125 0.019363762102351315
10 0.4365234375 0.5006915629322268 0.01708984375 0.021438450899031812
10 0.4365234375 0.5470262793914247 0.01708984375 0.02074688796680498
10 0.22119140625 0.5013831258644537 0.01708984375 0.020055325034578148
10 0.22119140625 0.5484094052558783 0.0166015625 0.019363762102351315
92 0.39306640625 0.4806362378976487 0.01708984375 0.022821576763485476
92 0.39306640625 0.5283540802213001 0.017578125 0.024204702627939143
92 0.2412109375 0.5269709543568465 0.01708984375 0.022130013831258646
92 0.240234375 0.4785615491009682 0.013671875 0.024896265560165973
92 0.24072265625 0.23374827109266944 0.01416015625 0.02351313969571231
92 0.240234375 0.2814661134163209 0.015625 0.02351313969571231
92 0.39306640625 0.2821576763485477 0.015625 0.020055325034578148
92 0.392578125 0.2330567081604426 0.013671875 0.02351313969571231
37 0.466796875 0.3035961272475795 0.0166015625 0.019363762102351315
56 0.31640625 0.5311203319502075 0.08203125 0.10235131396957123
56 0.31640625 0.2835408022130014 0.08447265625 0.1037344398340249