49 0.255859375 0.5726141078838174 0.01708984375 0.025587828492392807
35 0.236328125 0.5435684647302904 0.01806640625 0.048409405255878286
35 0.29541015625 0.5318118948824343 0.01806640625 0.028354080221300138
49 0.31494140625 0.5712309820193637 0.01611328125 0.026970954356846474
35 0.4052734375 0.5560165975103735 0.01904296875 0.043568464730290454
35 0.72705078125 0.6085753803596127 0.02978515625 0.02627939142461964
35 0.5166015625 0.7572614107883817 0.0166015625 0.02351313969571231
35 0.44970703125 0.7572614107883817 0.01708984375 0.024896265560165973
35 0.2705078125 0.8070539419087137 0.0361328125 0.04149377593360996
35 0.20458984375 0.7565698478561549 0.01708984375 0.024204702627939143
35 0.20458984375 0.6950207468879668 0.0166015625 0.024896265560165973
49 0.21240234375 0.6659751037344398 0.01611328125 0.024204702627939143
49 0.43310546875 0.7268326417704011 0.01611328125 0.02351313969571231
6 0.69775390625 0.7309820193637621 0.013671875 0.022821576763485476
69 0.67236328125 0.7302904564315352 0.01708984375 0.021438450899031812
49 0.21240234375 0.7268326417704011 0.01611328125 0.024896265560165973
69 0.1845703125 0.627939142461964 0.02783203125 0.017980636237897647
47 0.40771484375 0.6514522821576764 0.015625 0.022130013831258646
91 0.32275390625 0.6804979253112033 0.2060546875 0.19363762102351315
69 0.18798828125 0.7579529737206085 0.01904296875 0.017289073305670817
69 0.1884765625 0.6970954356846473 0.02001953125 0.01590594744121715
55 0.5537109375 0.7330567081604425 0.0205078125 0.020055325034578148
55 0.5830078125 0.673582295988935 0.021484375 0.02074688796680498
55 0.646484375 0.7033195020746889 0.02197265625 0.022130013831258646
55 0.6201171875 0.5836791147994468 0.0224609375 0.02074688796680498
4 0.35302734375 0.5470262793914247 0.013671875 0.01867219917012448
79 0.38720703125 0.5442600276625172 0.01513671875 0.01590594744121715
28 0.583984375 0.7558782849239281 0.02490234375 0.01313969571230982
28 0.60400390625 0.710926694329184 0.00830078125 0.035269709543568464
28 0.62255859375 0.7268326417704011 0.0244140625 0.011065006915629323
22 0.6181640625 0.7648686030428768 0.07080078125 0.07745504840940526
74 0.69677734375 0.6756569847856155 0.015625 0.02351313969571231