49 0.744140625 0.5726141078838174 0.017333984375 0.025242047026279392
35 0.763671875 0.5435684647302904 0.017822265625 0.048409405255878286
35 0.70458984375 0.5318118948824343 0.018310546875 0.028699861687413553
49 0.68505859375 0.5712309820193637 0.016357421875 0.02731673582295989
35 0.5947265625 0.5560165975103735 0.019287109375 0.04391424619640387
35 0.27294921875 0.6085753803596127 0.030029296875 0.02627939142461964
35 0.4833984375 0.7572614107883817 0.0166015625 0.02351313969571231
35 0.55029296875 0.7572614107883817 0.016845703125 0.024896265560165973
35 0.7294921875 0.8070539419087137 0.0361328125 0.04149377593360996
35 0.79541015625 0.7565698478561549 0.016845703125 0.02455048409405256
35 0.79541015625 0.6950207468879668 0.0166015625 0.024896265560165973
49 0.78759765625 0.6659751037344398 0.016357421875 0.023858921161825725
49 0.56689453125 0.7268326417704011 0.016357421875 0.02351313969571231
6 0.30224609375 0.7309820193637621 0.013671875 0.023167358229598894
69 0.32763671875 0.7302904564315352 0.016845703125 0.021784232365145227
49 0.78759765625 0.7268326417704011 0.016357421875 0.024896265560165973
69 0.8154296875 0.627939142461964 0.027587890625 0.017980636237897647
47 0.59228515625 0.6514522821576764 0.015625 0.022130013831258646
91 0.67724609375 0.6804979253112033 0.2060546875 0.19363762102351315
69 0.81201171875 0.7579529737206085 0.018798828125 0.0169432918395574
69 0.8115234375 0.6970954356846473 0.019775390625 0.01625172890733057
55 0.4462890625 0.7330567081604425 0.0205078125 0.01970954356846473
55 0.4169921875 0.673582295988935 0.021484375 0.02074688796680498
55 0.353515625 0.7033195020746889 0.021728515625 0.022130013831258646
55 0.3798828125 0.5836791147994468 0.0224609375 0.02074688796680498
4 0.64697265625 0.5470262793914247 0.013671875 0.018326417704011066
79 0.61279296875 0.5442600276625172 0.014892578125 0.015560165975103735
28 0.416015625 0.7558782849239281 0.025146484375 0.012793914246196404
28 0.39599609375 0.710926694329184 0.008544921875 0.03561549100968188
28 0.37744140625 0.7268326417704011 0.0244140625 0.011065006915629323
22 0.3818359375 0.7648686030428768 0.070556640625 0.07745504840940526
74 0.30322265625 0.6756569847856155 0.015625 0.02351313969571231