35 0.47802734375 0.661134163208852 0.0126953125 0.026970954356846474
35 0.4794921875 0.7261410788381742 0.0126953125 0.026970954356846474
37 0.73828125 0.5899031811894883 0.01318359375 0.008298755186721992
37 0.73779296875 0.5477178423236515 0.01318359375 0.008990318118948824
37 0.8779296875 0.3852005532503458 0.009765625 0.017289073305670817
37 0.92724609375 0.38589211618257263 0.0078125 0.016597510373443983
37 0.830078125 0.38450899031811897 0.00830078125 0.01590594744121715
35 0.81689453125 0.5491009681881052 0.015625 0.02627939142461964
13 0.84130859375 0.5504840940525588 0.01611328125 0.016597510373443983
69 0.888671875 0.46887966804979253 0.017578125 0.017289073305670817
69 0.88818359375 0.4336099585062241 0.0146484375 0.017289073305670817
97 0.7373046875 0.2669432918395574 0.01611328125 0.022130013831258646
91 0.47119140625 0.3706777316735823 0.2197265625 0.30013831258644535
38 0.8310546875 0.35200553250345784 0.0390625 0.051175656984785614
38 0.87890625 0.35200553250345784 0.04052734375 0.050484094052558784
38 0.92626953125 0.3533886583679115 0.0400390625 0.05186721991701245
35 0.81298828125 0.19156293222683266 0.01611328125 0.029045643153526972
13 0.83935546875 0.19294605809128632 0.01708984375 0.017980636237897647