35 0.47802734375 0.661134163208852 0.0126953125 0.02731673582295989
35 0.4794921875 0.7261410788381742 0.0126953125 0.02731673582295989
37 0.73828125 0.5899031811894883 0.013427734375 0.008298755186721992
37 0.73779296875 0.5477178423236515 0.012939453125 0.008644536652835409
37 0.8779296875 0.3852005532503458 0.009765625 0.017634854771784232
37 0.92724609375 0.38589211618257263 0.0078125 0.016597510373443983
37 0.830078125 0.38450899031811897 0.008056640625 0.01625172890733057
35 0.81689453125 0.5491009681881052 0.015625 0.02627939142461964
13 0.84130859375 0.5504840940525588 0.016357421875 0.016597510373443983
69 0.888671875 0.46887966804979253 0.017578125 0.0169432918395574
69 0.88818359375 0.4336099585062241 0.0146484375 0.017634854771784232
97 0.7373046875 0.2669432918395574 0.015869140625 0.022130013831258646
91 0.47119140625 0.3706777316735823 0.2197265625 0.30013831258644535
38 0.8310546875 0.35200553250345784 0.0390625 0.051175656984785614
38 0.87890625 0.35200553250345784 0.040771484375 0.0508298755186722
38 0.92626953125 0.3533886583679115 0.0400390625 0.05152143845089903
35 0.81298828125 0.19156293222683266 0.016357421875 0.029045643153526972
13 0.83935546875 0.19294605809128632 0.016845703125 0.017980636237897647