34 0.80126953125 0.8291839557399724 0.0751953125 0.14937759336099585
34 0.51611328125 0.8298755186721992 0.07421875 0.1545643153526971
68 0.4697265625 0.21230982019363762 0.052978515625 0.04149377593360996
68 0.46923828125 0.27869986168741356 0.0537109375 0.032157676348547715
75 0.43603515625 0.38865836791147995 0.0810546875 0.10926694329183956
35 0.3876953125 0.4612724757952974 0.017333984375 0.024896265560165973
68 0.470703125 0.4640387275242047 0.051025390625 0.035961272475795295
92 0.53271484375 0.6639004149377593 0.016357421875 0.019363762102351315
35 0.59716796875 0.6556016597510373 0.016357421875 0.025242047026279392
35 0.5869140625 0.5006915629322268 0.015380859375 0.024896265560165973
35 0.6728515625 0.46196403872752423 0.015869140625 0.028008298755186723
68 0.75537109375 0.21092669432918396 0.051513671875 0.040110650069156296
68 0.755859375 0.2766251728907331 0.0517578125 0.03872752420470263