34 0.19873046875 0.8291839557399724 0.0751953125 0.14937759336099585
34 0.48388671875 0.8298755186721992 0.07421875 0.1542185338865837
68 0.5302734375 0.21230982019363762 0.05322265625 0.04149377593360996
68 0.53076171875 0.27869986168741356 0.0537109375 0.03250345781466114
75 0.56396484375 0.38865836791147995 0.0810546875 0.10926694329183956
35 0.6123046875 0.4612724757952974 0.01708984375 0.024896265560165973
68 0.529296875 0.4640387275242047 0.05126953125 0.035961272475795295
92 0.46728515625 0.6639004149377593 0.01611328125 0.019363762102351315
35 0.40283203125 0.6556016597510373 0.01611328125 0.025587828492392807
35 0.4130859375 0.5006915629322268 0.01513671875 0.024896265560165973
35 0.3271484375 0.46196403872752423 0.01611328125 0.028354080221300138
68 0.24462890625 0.21092669432918396 0.05126953125 0.040110650069156296
68 0.244140625 0.2766251728907331 0.0517578125 0.03872752420470263