37 0.83837890625 0.10719225449515905 0.013671875 0.017634854771784232
37 0.6279296875 0.10650069156293222 0.013427734375 0.01625172890733057
37 0.44189453125 0.46196403872752423 0.013671875 0.016597510373443983
37 0.44189453125 0.4979253112033195 0.012939453125 0.0169432918395574
37 0.52392578125 0.4578146611341632 0.012451171875 0.011410788381742738
37 0.5224609375 0.49446749654218536 0.011962890625 0.012793914246196404
37 0.7314453125 0.5484094052558783 0.0087890625 0.017634854771784232
37 0.796875 0.5484094052558783 0.008056640625 0.017634854771784232
37 0.8388671875 0.5746887966804979 0.017822265625 0.017980636237897647
37 0.84033203125 0.7724757952973721 0.014404296875 0.018326417704011066
37 0.79931640625 0.7455048409405256 0.007080078125 0.019017980636237896
37 0.734375 0.7461964038727524 0.009521484375 0.019363762102351315
37 0.646484375 0.6424619640387276 0.015380859375 0.012793914246196404
37 0.57373046875 0.6182572614107884 0.013671875 0.021784232365145227
37 0.21044921875 0.3575380359612725 0.016357421875 0.017980636237897647
37 0.6279296875 0.313969571230982 0.013427734375 0.0169432918395574
37 0.8408203125 0.31466113416320884 0.013916015625 0.017634854771784232
70 0.767578125 0.10857538035961273 0.029541015625 0.02627939142461964
70 0.771484375 0.3160442600276625 0.027099609375 0.025933609958506226
70 0.763671875 0.5774550484094052 0.0224609375 0.030428769017980636
70 0.76611328125 0.7724757952973721 0.0263671875 0.025933609958506226
58 0.81591796875 0.06224066390041494 0.017578125 0.02627939142461964
58 0.64453125 0.06224066390041494 0.0166015625 0.02731673582295989
58 0.818359375 0.27040110650069155 0.0146484375 0.023167358229598894
58 0.6494140625 0.2669432918395574 0.015869140625 0.025242047026279392
58 0.7314453125 0.520746887966805 0.017333984375 0.023858921161825725
58 0.7958984375 0.5200553250345782 0.015625 0.02351313969571231
58 0.798828125 0.7178423236514523 0.015625 0.02455048409405256
58 0.7333984375 0.7178423236514523 0.0166015625 0.021784232365145227
59 0.2890625 0.2330567081604426 0.015625 0.02351313969571231
59 0.6376953125 0.719225449515906 0.0166015625 0.021784232365145227
35 0.12158203125 0.21507607192254496 0.015625 0.029045643153526972
35 0.123046875 0.2745504840940526 0.015380859375 0.023858921161825725
35 0.3115234375 0.2766251728907331 0.013916015625 0.02731673582295989
35 0.33935546875 0.2766251728907331 0.014892578125 0.02731673582295989
35 0.39306640625 0.7759336099585062 0.01953125 0.029045643153526972
35 0.392578125 0.8284923928077456 0.021240234375 0.03008298755186722
35 0.390625 0.8852005532503457 0.019287109375 0.030774550484094054
35 0.48876953125 0.7662517289073306 0.01953125 0.028008298755186723
35 0.48876953125 0.8208852005532503 0.0185546875 0.029391424619640387
35 0.49072265625 0.8775933609958506 0.018798828125 0.02627939142461964
35 0.68505859375 0.32987551867219916 0.020751953125 0.02074688796680498
35 0.82275390625 0.1251728907330567 0.018798828125 0.021092669432918397
35 0.685546875 0.12309820193637622 0.0205078125 0.01970954356846473
24 0.81494140625 0.08713692946058091 0.013671875 0.019017980636237896
24 0.64404296875 0.08575380359612725 0.014404296875 0.019363762102351315
24 0.6474609375 0.2925311203319502 0.0146484375 0.020401106500691563
24 0.8154296875 0.29529737206085754 0.015380859375 0.020401106500691563
13 0.6572265625 0.1078838174273859 0.013916015625 0.016597510373443983
13 0.6640625 0.3160442600276625 0.015625 0.013831258644536652
35 0.82470703125 0.330567081604426 0.018798828125 0.02247579529737206
69 0.6982421875 0.5746887966804979 0.013916015625 0.018326417704011066
69 0.462890625 0.6701244813278008 0.015380859375 0.018326417704011066
69 0.44189453125 0.5414937759336099 0.014404296875 0.020401106500691563
69 0.3564453125 0.49861687413554634 0.015380859375 0.020401106500691563
69 0.35546875 0.46196403872752423 0.0146484375 0.01970954356846473
69 0.1845703125 0.35892116182572614 0.013671875 0.018326417704011066
24 0.2880859375 0.2572614107883817 0.013916015625 0.02074688796680498
24 0.63623046875 0.7434301521438451 0.0107421875 0.016597510373443983
6 0.66064453125 0.7330567081604425 0.009765625 0.017980636237897647
101 0.43017578125 0.7738589211618258 0.0546875 0.04149377593360996
101 0.43017578125 0.826417704011065 0.0537109375 0.04253112033195021
101 0.431640625 0.8838174273858921 0.0546875 0.04149377593360996
91 0.51123046875 0.6147994467496543 0.053955078125 0.04322268326417704
38 0.39306640625 0.6161825726141079 0.053955078125 0.04045643153526971
38 0.3935546875 0.6680497925311203 0.056884765625 0.04183955739972337
38 0.39208984375 0.5401106500691563 0.059326171875 0.040110650069156296
38 0.39306640625 0.5 0.0546875 0.03319502074688797
38 0.392578125 0.4598893499308437 0.0576171875 0.040110650069156296
13 0.701171875 0.7731673582295989 0.013427734375 0.019363762102351315
64 0.47119140625 0.6300138312586445 0.015625 0.02351313969571231
71 0.32958984375 0.3603042876901798 0.03125 0.03319502074688797
71 0.47900390625 0.4508990318118949 0.018798828125 0.03630705394190872
71 0.47900390625 0.48686030428769017 0.017578125 0.039073305670816044
71 0.66650390625 0.6922544951590595 0.028076171875 0.025933609958506226