37 0.16162109375 0.10719225449515905 0.013671875 0.017289073305670817
37 0.3720703125 0.10650069156293222 0.01318359375 0.01590594744121715
37 0.55810546875 0.46196403872752423 0.013671875 0.016597510373443983
37 0.55810546875 0.4979253112033195 0.01318359375 0.017289073305670817
37 0.47607421875 0.4578146611341632 0.01220703125 0.011756569847856155
37 0.4775390625 0.49446749654218536 0.01220703125 0.01313969571230982
37 0.2685546875 0.5484094052558783 0.0087890625 0.017289073305670817
37 0.203125 0.5484094052558783 0.00830078125 0.017289073305670817
37 0.1611328125 0.5746887966804979 0.01806640625 0.017980636237897647
37 0.15966796875 0.7724757952973721 0.01416015625 0.01867219917012448
37 0.20068359375 0.7455048409405256 0.00732421875 0.01867219917012448
37 0.265625 0.7461964038727524 0.00927734375 0.019363762102351315
37 0.353515625 0.6424619640387276 0.01513671875 0.01313969571230982
37 0.42626953125 0.6182572614107884 0.013671875 0.021438450899031812
37 0.78955078125 0.3575380359612725 0.01611328125 0.017980636237897647
37 0.3720703125 0.313969571230982 0.01318359375 0.017289073305670817
37 0.1591796875 0.31466113416320884 0.01416015625 0.017289073305670817
70 0.232421875 0.10857538035961273 0.02978515625 0.02627939142461964
70 0.228515625 0.3160442600276625 0.02685546875 0.025587828492392807
70 0.236328125 0.5774550484094052 0.0224609375 0.030428769017980636
70 0.23388671875 0.7724757952973721 0.0263671875 0.025587828492392807
58 0.18408203125 0.06224066390041494 0.017578125 0.02627939142461964
58 0.35546875 0.06224066390041494 0.0166015625 0.026970954356846474
58 0.181640625 0.27040110650069155 0.0146484375 0.022821576763485476
58 0.3505859375 0.2669432918395574 0.01611328125 0.025587828492392807
58 0.2685546875 0.520746887966805 0.01708984375 0.024204702627939143
58 0.2041015625 0.5200553250345782 0.015625 0.02351313969571231
58 0.201171875 0.7178423236514523 0.015625 0.024204702627939143
58 0.2666015625 0.7178423236514523 0.0166015625 0.021438450899031812
59 0.7109375 0.2330567081604426 0.015625 0.02351313969571231
59 0.3623046875 0.719225449515906 0.0166015625 0.021438450899031812
35 0.87841796875 0.21507607192254496 0.015625 0.029045643153526972
35 0.876953125 0.2745504840940526 0.01513671875 0.024204702627939143
35 0.6884765625 0.2766251728907331 0.01416015625 0.026970954356846474
35 0.66064453125 0.2766251728907331 0.01513671875 0.026970954356846474
35 0.60693359375 0.7759336099585062 0.01953125 0.029045643153526972
35 0.607421875 0.8284923928077456 0.02099609375 0.029737206085753802
35 0.609375 0.8852005532503457 0.01904296875 0.03112033195020747
35 0.51123046875 0.7662517289073306 0.01953125 0.028354080221300138
35 0.51123046875 0.8208852005532503 0.0185546875 0.029737206085753802
35 0.50927734375 0.8775933609958506 0.01904296875 0.02627939142461964
35 0.31494140625 0.32987551867219916 0.02099609375 0.02074688796680498
35 0.17724609375 0.1251728907330567 0.01904296875 0.021438450899031812
35 0.314453125 0.12309820193637622 0.0205078125 0.020055325034578148
24 0.18505859375 0.08713692946058091 0.013671875 0.01867219917012448
24 0.35595703125 0.08575380359612725 0.01416015625 0.019363762102351315
24 0.3525390625 0.2925311203319502 0.0146484375 0.020055325034578148
24 0.1845703125 0.29529737206085754 0.01513671875 0.020055325034578148
13 0.3427734375 0.1078838174273859 0.01416015625 0.016597510373443983
13 0.3359375 0.3160442600276625 0.015625 0.013831258644536652
35 0.17529296875 0.330567081604426 0.01904296875 0.022821576763485476
69 0.3017578125 0.5746887966804979 0.01416015625 0.01867219917012448
69 0.537109375 0.6701244813278008 0.01513671875 0.01867219917012448
69 0.55810546875 0.5414937759336099 0.01416015625 0.020055325034578148
69 0.6435546875 0.49861687413554634 0.01513671875 0.020055325034578148
69 0.64453125 0.46196403872752423 0.0146484375 0.020055325034578148
69 0.8154296875 0.35892116182572614 0.013671875 0.01867219917012448
24 0.7119140625 0.2572614107883817 0.01416015625 0.02074688796680498
24 0.36376953125 0.7434301521438451 0.0107421875 0.016597510373443983
6 0.33935546875 0.7330567081604425 0.009765625 0.017980636237897647
101 0.56982421875 0.7738589211618258 0.0546875 0.04149377593360996
101 0.56982421875 0.826417704011065 0.0537109375 0.042185338865836794
101 0.568359375 0.8838174273858921 0.0546875 0.04149377593360996
91 0.48876953125 0.6147994467496543 0.05419921875 0.043568464730290454
38 0.60693359375 0.6161825726141079 0.05419921875 0.04080221300138313
38 0.6064453125 0.6680497925311203 0.05712890625 0.042185338865836794
38 0.60791015625 0.5401106500691563 0.05908203125 0.040110650069156296
38 0.60693359375 0.5 0.0546875 0.03319502074688797
38 0.607421875 0.4598893499308437 0.0576171875 0.040110650069156296
13 0.298828125 0.7731673582295989 0.01318359375 0.019363762102351315
64 0.52880859375 0.6300138312586445 0.015625 0.02351313969571231
71 0.67041015625 0.3603042876901798 0.03125 0.03319502074688797
71 0.52099609375 0.4508990318118949 0.01904296875 0.03665283540802213
71 0.52099609375 0.48686030428769017 0.017578125 0.03941908713692946
71 0.33349609375 0.6922544951590595 0.02783203125 0.025587828492392807