34 0.36083984375 0.5048409405255878 0.055908203125 0.14695712309820194
34 0.46630859375 0.504149377593361 0.053466796875 0.14488243430152145
6 0.60498046875 0.14453665283540804 0.014404296875 0.028699861687413553
6 0.6416015625 0.15560165975103735 0.015380859375 0.024896265560165973
6 0.7685546875 0.12102351313969571 0.015380859375 0.024896265560165973
6 0.80615234375 0.17704011065006917 0.016357421875 0.02455048409405256
37 0.94384765625 0.5843706777316736 0.01171875 0.026625172890733056
37 0.96533203125 0.5836791147994468 0.0107421875 0.024896265560165973
37 0.9443359375 0.520746887966805 0.0126953125 0.023858921161825725
37 0.9658203125 0.5221300138312587 0.0126953125 0.02351313969571231
37 0.94482421875 0.5511756569847857 0.012939453125 0.025933609958506226
37 0.96630859375 0.5518672199170125 0.013671875 0.02351313969571231
103 0.58642578125 0.780774550484094 0.094482421875 0.0784923928077455
103 0.759765625 0.780774550484094 0.09375 0.07883817427385892
37 0.5693359375 0.5235131396957123 0.005859375 0.014868603042876901