34 0.63916015625 0.4951590594744122 0.05615234375 0.14730290456431536
34 0.53369140625 0.495850622406639 0.05322265625 0.14453665283540804
6 0.39501953125 0.8554633471645919 0.01416015625 0.028354080221300138
6 0.3583984375 0.8443983402489627 0.01513671875 0.024896265560165973
6 0.2314453125 0.8789764868603043 0.01513671875 0.024896265560165973
6 0.19384765625 0.8229598893499308 0.01611328125 0.024204702627939143
37 0.05615234375 0.41562932226832644 0.01171875 0.026970954356846474
37 0.03466796875 0.41632088520055327 0.0107421875 0.024896265560165973
37 0.0556640625 0.47925311203319504 0.0126953125 0.024204702627939143
37 0.0341796875 0.4778699861687414 0.0126953125 0.02351313969571231
37 0.05517578125 0.4488243430152144 0.01318359375 0.025587828492392807
37 0.03369140625 0.44813278008298757 0.013671875 0.02351313969571231
103 0.41357421875 0.21922544951590595 0.09423828125 0.07814661134163209
103 0.240234375 0.21922544951590595 0.09375 0.07883817427385892
37 0.4306640625 0.47648686030428766 0.005859375 0.014522821576763486