37 0.25537109375 0.23167358229598894 0.0166015625 0.025587828492392807
37 0.833984375 0.09059474412171507 0.0146484375 0.0318118948824343
37 0.17431640625 0.7275242047026279 0.01513671875 0.029045643153526972
37 0.2822265625 0.6535269709543569 0.0224609375 0.0318118948824343
37 0.2705078125 0.5968188105117566 0.01806640625 0.030428769017980636
37 0.2919921875 0.6127247579529738 0.01953125 0.03665283540802213
37 0.28515625 0.5622406639004149 0.01708984375 0.034578146611341634
37 0.4482421875 0.5677731673582296 0.01611328125 0.034578146611341634
37 0.5751953125 0.5428769017980636 0.0205078125 0.034578146611341634
37 0.56494140625 0.5767634854771784 0.02099609375 0.0318118948824343
37 0.580078125 0.6016597510373444 0.0185546875 0.0338865836791148
37 0.5693359375 0.6424619640387276 0.017578125 0.03112033195020747
37 0.30810546875 0.3831258644536653 0.017578125 0.02627939142461964
37 0.36279296875 0.38450899031811897 0.017578125 0.02627939142461964
37 0.60107421875 0.40802213001383125 0.01611328125 0.02627939142461964
37 0.6689453125 0.38450899031811897 0.02099609375 0.021438450899031812
37 0.55859375 0.3450899031811895 0.021484375 0.03319502074688797
37 0.5478515625 0.23374827109266944 0.0185546875 0.025587828492392807
37 0.71533203125 0.13278008298755187 0.01806640625 0.029737206085753802
95 0.5087890625 0.30428769017980634 0.01708984375 0.019363762102351315
95 0.21337890625 0.2897648686030429 0.01708984375 0.01867219917012448
95 0.85107421875 0.4508990318118949 0.025390625 0.01867219917012448
95 0.85302734375 0.3506224066390041 0.025390625 0.01867219917012448
95 0.5166015625 0.4681881051175657 0.01708984375 0.024896265560165973
95 0.54736328125 0.4426002766251729 0.02001953125 0.025587828492392807
95 0.54736328125 0.40802213001383125 0.02099609375 0.022821576763485476
10 0.5810546875 0.3969571230982019 0.02001953125 0.022821576763485476
10 0.2822265625 0.3727524204702628 0.01806640625 0.02351313969571231
74 0.22265625 0.15975103734439833 0.01513671875 0.02627939142461964
37 0.2646484375 0.34854771784232363 0.01953125 0.022130013831258646
37 0.228515625 0.46749654218533887 0.01806640625 0.024204702627939143
74 0.513671875 0.16044260027662519 0.01513671875 0.02351313969571231
13 0.5341796875 0.2717842323651452 0.0166015625 0.028354080221300138
13 0.23974609375 0.2710926694329184 0.00537109375 0.019363762102351315
37 0.25537109375 0.4066390041493776 0.0205078125 0.025587828492392807
37 0.2548828125 0.4405255878284924 0.02099609375 0.022821576763485476
58 0.19970703125 0.4598893499308437 0.01513671875 0.021438450899031812
74 0.16552734375 0.6749654218533887 0.01513671875 0.02351313969571231
6 0.189453125 0.7102351313969572 0.01171875 0.01313969571230982
6 0.310546875 0.6390041493775933 0.0185546875 0.025587828492392807
6 0.3134765625 0.5878284923928078 0.01806640625 0.028354080221300138
6 0.6044921875 0.6272475795297372 0.01904296875 0.029045643153526972
6 0.60205078125 0.5691562932226832 0.02001953125 0.0318118948824343
58 0.48876953125 0.4605809128630705 0.015625 0.022130013831258646
74 0.4384765625 0.5103734439834025 0.015625 0.021438450899031812
37 0.33935546875 0.359612724757953 0.02099609375 0.019363762102351315
6 0.46240234375 0.5414937759336099 0.01220703125 0.013831258644536652
30 0.19921875 0.42531120331950206 0.0166015625 0.022821576763485476
31 0.2880859375 0.42531120331950206 0.0166015625 0.021438450899031812
31 0.5791015625 0.42531120331950206 0.015625 0.02351313969571231
30 0.48876953125 0.4260027662517289 0.01611328125 0.022821576763485476