37 0.74462890625 0.23167358229598894 0.0166015625 0.025933609958506226
37 0.166015625 0.09059474412171507 0.0146484375 0.0318118948824343
37 0.82568359375 0.7275242047026279 0.014892578125 0.029045643153526972
37 0.7177734375 0.6535269709543569 0.0224609375 0.0318118948824343
37 0.7294921875 0.5968188105117566 0.017822265625 0.030428769017980636
37 0.7080078125 0.6127247579529738 0.01953125 0.03630705394190872
37 0.71484375 0.5622406639004149 0.017333984375 0.034578146611341634
37 0.5517578125 0.5677731673582296 0.015869140625 0.034578146611341634
37 0.4248046875 0.5428769017980636 0.0205078125 0.034578146611341634
37 0.43505859375 0.5767634854771784 0.020751953125 0.0318118948824343
37 0.419921875 0.6016597510373444 0.0185546875 0.03354080221300138
37 0.4306640625 0.6424619640387276 0.017578125 0.031466113416320884
37 0.69189453125 0.3831258644536653 0.017578125 0.02627939142461964
37 0.63720703125 0.38450899031811897 0.017578125 0.02627939142461964
37 0.39892578125 0.40802213001383125 0.016357421875 0.02627939142461964
37 0.3310546875 0.38450899031811897 0.021240234375 0.021784232365145227
37 0.44140625 0.3450899031811895 0.021484375 0.03319502074688797
37 0.4521484375 0.23374827109266944 0.0185546875 0.025242047026279392
37 0.28466796875 0.13278008298755187 0.018310546875 0.03008298755186722
95 0.4912109375 0.30428769017980634 0.017333984375 0.019363762102351315
95 0.78662109375 0.2897648686030429 0.016845703125 0.018326417704011066
95 0.14892578125 0.4508990318118949 0.025390625 0.019017980636237896
95 0.14697265625 0.3506224066390041 0.025390625 0.018326417704011066
95 0.4833984375 0.4681881051175657 0.017333984375 0.024896265560165973
95 0.45263671875 0.4426002766251729 0.020263671875 0.025242047026279392
95 0.45263671875 0.40802213001383125 0.020751953125 0.02247579529737206
10 0.4189453125 0.3969571230982019 0.019775390625 0.02247579529737206
10 0.7177734375 0.3727524204702628 0.017822265625 0.02351313969571231
74 0.77734375 0.15975103734439833 0.015380859375 0.02627939142461964
37 0.7353515625 0.34854771784232363 0.01953125 0.022130013831258646
37 0.771484375 0.46749654218533887 0.017822265625 0.02455048409405256
74 0.486328125 0.16044260027662519 0.015380859375 0.02351313969571231
13 0.4658203125 0.2717842323651452 0.0166015625 0.028699861687413553
13 0.76025390625 0.2710926694329184 0.005126953125 0.019363762102351315
37 0.74462890625 0.4066390041493776 0.0205078125 0.025242047026279392
37 0.7451171875 0.4405255878284924 0.021240234375 0.023167358229598894
58 0.80029296875 0.4598893499308437 0.014892578125 0.021092669432918397
74 0.83447265625 0.6749654218533887 0.014892578125 0.02351313969571231
6 0.810546875 0.7102351313969572 0.01171875 0.012793914246196404
6 0.689453125 0.6390041493775933 0.0185546875 0.025242047026279392
6 0.6865234375 0.5878284923928078 0.017822265625 0.028008298755186723
6 0.3955078125 0.6272475795297372 0.019287109375 0.029045643153526972
6 0.39794921875 0.5691562932226832 0.020263671875 0.0318118948824343
58 0.51123046875 0.4605809128630705 0.015625 0.022130013831258646
74 0.5615234375 0.5103734439834025 0.015625 0.021784232365145227
37 0.66064453125 0.359612724757953 0.020751953125 0.019363762102351315
6 0.53759765625 0.5414937759336099 0.012451171875 0.013831258644536652
30 0.80078125 0.42531120331950206 0.0166015625 0.023167358229598894
31 0.7119140625 0.42531120331950206 0.0166015625 0.021092669432918397
31 0.4208984375 0.42531120331950206 0.015625 0.02351313969571231
30 0.51123046875 0.4260027662517289 0.016357421875 0.02247579529737206