37 0.841796875 0.10926694329183956 0.013427734375 0.0169432918395574
37 0.63134765625 0.10926694329183956 0.014404296875 0.0169432918395574
37 0.21484375 0.3603042876901798 0.015380859375 0.016597510373443983
37 0.630859375 0.31673582295988933 0.015625 0.01625172890733057
37 0.84521484375 0.31673582295988933 0.012451171875 0.016597510373443983
37 0.84228515625 0.5767634854771784 0.018310546875 0.0169432918395574
37 0.80029296875 0.549792531120332 0.007080078125 0.019363762102351315
37 0.73583984375 0.549792531120332 0.0068359375 0.017980636237897647
37 0.65087890625 0.6445366528354081 0.0126953125 0.011410788381742738
37 0.5771484375 0.6217150760719226 0.0146484375 0.021092669432918397
37 0.525390625 0.4972337482710927 0.013427734375 0.012102351313969572
37 0.52685546875 0.4598893499308437 0.01171875 0.012448132780082987
37 0.4443359375 0.4640387275242047 0.015380859375 0.015560165975103735
37 0.4443359375 0.5 0.0146484375 0.017634854771784232
37 0.84326171875 0.7759336099585062 0.0146484375 0.0169432918395574
37 0.802734375 0.7482710926694329 0.008056640625 0.021784232365145227
37 0.73779296875 0.7482710926694329 0.0078125 0.019363762102351315
35 0.1259765625 0.21715076071922546 0.015380859375 0.027662517289073305
35 0.12646484375 0.2773167358229599 0.014404296875 0.023858921161825725
35 0.3154296875 0.2773167358229599 0.013427734375 0.02627939142461964
35 0.3427734375 0.27800829875518673 0.0146484375 0.02455048409405256
35 0.68994140625 0.12448132780082988 0.0185546875 0.021784232365145227
35 0.826171875 0.1272475795297372 0.0185546875 0.019363762102351315
35 0.82763671875 0.3326417704011065 0.0185546875 0.022130013831258646
35 0.6884765625 0.3326417704011065 0.021240234375 0.019363762102351315
35 0.49462890625 0.7697095435684648 0.0166015625 0.027662517289073305
35 0.49365234375 0.8215767634854771 0.017578125 0.025242047026279392
35 0.4951171875 0.8796680497925311 0.017333984375 0.02731673582295989
35 0.39501953125 0.8879668049792531 0.016357421875 0.03354080221300138
35 0.39794921875 0.8319502074688797 0.014892578125 0.029391424619640387
35 0.3974609375 0.7780082987551867 0.0166015625 0.029045643153526972
101 0.43359375 0.7752420470262794 0.0546875 0.04564315352697095
101 0.4345703125 0.8284923928077456 0.054443359375 0.040110650069156296
101 0.435546875 0.8865836791147994 0.054443359375 0.040110650069156296
91 0.51513671875 0.6175656984785616 0.055419921875 0.039764868603042874
38 0.39697265625 0.6168741355463347 0.055419921875 0.039073305670816044
38 0.3974609375 0.6701244813278008 0.054443359375 0.040110650069156296
38 0.3974609375 0.5428769017980636 0.054931640625 0.040110650069156296
38 0.3974609375 0.504149377593361 0.0546875 0.03319502074688797
38 0.39697265625 0.46265560165975106 0.056640625 0.04149377593360996
69 0.46630859375 0.6721991701244814 0.013671875 0.01625172890733057
69 0.44580078125 0.5442600276625172 0.014404296875 0.016597510373443983
69 0.35986328125 0.5013831258644537 0.015625 0.017980636237897647
69 0.35791015625 0.4654218533886584 0.017578125 0.017980636237897647
69 0.18798828125 0.3603042876901798 0.014404296875 0.017634854771784232
58 0.29296875 0.2351313969571231 0.015869140625 0.022130013831258646
24 0.291015625 0.2607192254495159 0.0146484375 0.019363762102351315
24 0.646484375 0.08852005532503458 0.0126953125 0.02074688796680498
24 0.65185546875 0.2946058091286307 0.013671875 0.01970954356846473
24 0.81982421875 0.29806362378976486 0.014404296875 0.02074688796680498
24 0.818359375 0.08990318118948824 0.0126953125 0.02074688796680498
13 0.66064453125 0.11065006915629322 0.012939453125 0.015214384508990318
58 0.64794921875 0.0636237897648686 0.014892578125 0.022130013831258646
58 0.8193359375 0.06431535269709543 0.015625 0.022130013831258646
58 0.82177734375 0.2717842323651452 0.014892578125 0.021092669432918397
58 0.65283203125 0.2690179806362379 0.016357421875 0.021092669432918397
58 0.73486328125 0.5228215767634855 0.016357421875 0.022130013831258646
58 0.7998046875 0.5228215767634855 0.015380859375 0.02247579529737206
58 0.73779296875 0.7199170124481328 0.014892578125 0.021092669432918397
58 0.80224609375 0.719225449515906 0.014892578125 0.021784232365145227
59 0.64111328125 0.7213001383125864 0.0146484375 0.023167358229598894
24 0.6416015625 0.7468879668049793 0.008056640625 0.016597510373443983
6 0.66552734375 0.73582295988935 0.010986328125 0.016597510373443983
13 0.70458984375 0.7759336099585062 0.012939453125 0.016597510373443983
70 0.76806640625 0.7766251728907331 0.028076171875 0.023858921161825725
70 0.76708984375 0.5809128630705395 0.0234375 0.03008298755186722
70 0.77392578125 0.3188105117565698 0.025390625 0.02351313969571231
70 0.77197265625 0.11065006915629322 0.028076171875 0.025242047026279392
71 0.3349609375 0.3630705394190871 0.02734375 0.030428769017980636
71 0.4814453125 0.4536652835408022 0.017578125 0.03734439834024896
71 0.48291015625 0.4903181189488243 0.0185546875 0.03769017980636238
13 0.66845703125 0.318118948824343 0.015625 0.013831258644536652
69 0.703125 0.5774550484094052 0.013916015625 0.017980636237897647
71 0.6708984375 0.6950207468879668 0.029296875 0.025933609958506226
64 0.474609375 0.632088520055325 0.013916015625 0.02455048409405256