37 0.158203125 0.10926694329183956 0.01318359375 0.017289073305670817
37 0.36865234375 0.10926694329183956 0.01416015625 0.017289073305670817
37 0.78515625 0.3603042876901798 0.01513671875 0.016597510373443983
37 0.369140625 0.31673582295988933 0.015625 0.01590594744121715
37 0.15478515625 0.31673582295988933 0.01220703125 0.016597510373443983
37 0.15771484375 0.5767634854771784 0.01806640625 0.017289073305670817
37 0.19970703125 0.549792531120332 0.00732421875 0.019363762102351315
37 0.26416015625 0.549792531120332 0.0068359375 0.017980636237897647
37 0.34912109375 0.6445366528354081 0.0126953125 0.011756569847856155
37 0.4228515625 0.6217150760719226 0.0146484375 0.021438450899031812
37 0.474609375 0.4972337482710927 0.01318359375 0.011756569847856155
37 0.47314453125 0.4598893499308437 0.01171875 0.012448132780082987
37 0.5556640625 0.4640387275242047 0.01513671875 0.01590594744121715
37 0.5556640625 0.5 0.0146484375 0.017289073305670817
37 0.15673828125 0.7759336099585062 0.0146484375 0.017289073305670817
37 0.197265625 0.7482710926694329 0.00830078125 0.021438450899031812
37 0.26220703125 0.7482710926694329 0.0078125 0.019363762102351315
35 0.8740234375 0.21715076071922546 0.01513671875 0.027662517289073305
35 0.87353515625 0.2773167358229599 0.01416015625 0.024204702627939143
35 0.6845703125 0.2773167358229599 0.01318359375 0.02627939142461964
35 0.6572265625 0.27800829875518673 0.0146484375 0.024204702627939143
35 0.31005859375 0.12448132780082988 0.0185546875 0.021438450899031812
35 0.173828125 0.1272475795297372 0.0185546875 0.019363762102351315
35 0.17236328125 0.3326417704011065 0.0185546875 0.022130013831258646
35 0.3115234375 0.3326417704011065 0.02099609375 0.019363762102351315
35 0.50537109375 0.7697095435684648 0.0166015625 0.027662517289073305
35 0.50634765625 0.8215767634854771 0.017578125 0.025587828492392807
35 0.5048828125 0.8796680497925311 0.01708984375 0.026970954356846474
35 0.60498046875 0.8879668049792531 0.01611328125 0.0338865836791148
35 0.60205078125 0.8319502074688797 0.01513671875 0.029737206085753802
35 0.6025390625 0.7780082987551867 0.0166015625 0.029045643153526972
101 0.56640625 0.7752420470262794 0.0546875 0.04564315352697095
101 0.5654296875 0.8284923928077456 0.05419921875 0.040110650069156296
101 0.564453125 0.8865836791147994 0.05419921875 0.040110650069156296
91 0.48486328125 0.6175656984785616 0.05517578125 0.03941908713692946
38 0.60302734375 0.6168741355463347 0.05517578125 0.03941908713692946
38 0.6025390625 0.6701244813278008 0.05419921875 0.040110650069156296
38 0.6025390625 0.5428769017980636 0.05517578125 0.040110650069156296
38 0.6025390625 0.504149377593361 0.0546875 0.03319502074688797
38 0.60302734375 0.46265560165975106 0.056640625 0.04149377593360996
69 0.53369140625 0.6721991701244814 0.013671875 0.01590594744121715
69 0.55419921875 0.5442600276625172 0.01416015625 0.016597510373443983
69 0.64013671875 0.5013831258644537 0.015625 0.017980636237897647
69 0.64208984375 0.4654218533886584 0.017578125 0.017980636237897647
69 0.81201171875 0.3603042876901798 0.01416015625 0.017289073305670817
58 0.70703125 0.2351313969571231 0.01611328125 0.022130013831258646
24 0.708984375 0.2607192254495159 0.0146484375 0.019363762102351315
24 0.353515625 0.08852005532503458 0.0126953125 0.02074688796680498
24 0.34814453125 0.2946058091286307 0.013671875 0.020055325034578148
24 0.18017578125 0.29806362378976486 0.01416015625 0.02074688796680498
24 0.181640625 0.08990318118948824 0.0126953125 0.02074688796680498
13 0.33935546875 0.11065006915629322 0.01318359375 0.015214384508990318
58 0.35205078125 0.0636237897648686 0.01513671875 0.022130013831258646
58 0.1806640625 0.06431535269709543 0.015625 0.022130013831258646
58 0.17822265625 0.2717842323651452 0.01513671875 0.021438450899031812
58 0.34716796875 0.2690179806362379 0.01611328125 0.021438450899031812
58 0.26513671875 0.5228215767634855 0.01611328125 0.022130013831258646
58 0.2001953125 0.5228215767634855 0.01513671875 0.022821576763485476
58 0.26220703125 0.7199170124481328 0.01513671875 0.021438450899031812
58 0.19775390625 0.719225449515906 0.01513671875 0.021438450899031812
59 0.35888671875 0.7213001383125864 0.0146484375 0.022821576763485476
24 0.3583984375 0.7468879668049793 0.00830078125 0.016597510373443983
6 0.33447265625 0.73582295988935 0.01123046875 0.016597510373443983
13 0.29541015625 0.7759336099585062 0.01318359375 0.016597510373443983
70 0.23193359375 0.7766251728907331 0.02783203125 0.024204702627939143
70 0.23291015625 0.5809128630705395 0.0234375 0.029737206085753802
70 0.22607421875 0.3188105117565698 0.025390625 0.02351313969571231
70 0.22802734375 0.11065006915629322 0.02783203125 0.025587828492392807
71 0.6650390625 0.3630705394190871 0.02734375 0.030428769017980636
71 0.5185546875 0.4536652835408022 0.017578125 0.03734439834024896
71 0.51708984375 0.4903181189488243 0.0185546875 0.03803596127247579
13 0.33154296875 0.318118948824343 0.015625 0.013831258644536652
69 0.296875 0.5774550484094052 0.01416015625 0.017980636237897647
71 0.3291015625 0.6950207468879668 0.029296875 0.025587828492392807
64 0.525390625 0.632088520055325 0.01416015625 0.024204702627939143