37 0.18603515625 0.7261410788381742 0.0078125 0.0169432918395574
37 0.146484375 0.7254495159059474 0.0078125 0.017634854771784232
37 0.146484375 0.5525587828492393 0.0068359375 0.015560165975103735
37 0.18603515625 0.5525587828492393 0.006591796875 0.016597510373443983
37 0.43359375 0.6473029045643154 0.008056640625 0.017980636237897647
37 0.515625 0.648686030428769 0.008056640625 0.01625172890733057
37 0.43359375 0.22544951590594745 0.0068359375 0.01625172890733057
37 0.5166015625 0.22544951590594745 0.0078125 0.016597510373443983
37 0.51611328125 0.4488243430152144 0.006591796875 0.015560165975103735
37 0.43359375 0.4488243430152144 0.0078125 0.018326417704011066
74 0.08642578125 0.6521438450899032 0.015625 0.022130013831258646
49 0.0498046875 0.6327800829875518 0.013427734375 0.020401106500691563
10 0.12841796875 0.690179806362379 0.0107421875 0.014177040110650069
10 0.20654296875 0.6908713692946058 0.010986328125 0.013831258644536652
10 0.12841796875 0.5172890733056709 0.0107421875 0.013831258644536652
10 0.20654296875 0.5172890733056709 0.010986328125 0.014177040110650069
10 0.36376953125 0.6044260027662517 0.010986328125 0.011065006915629323
10 0.4150390625 0.6065006915629322 0.011962890625 0.012793914246196404
10 0.58837890625 0.6203319502074689 0.010986328125 0.012793914246196404
10 0.6455078125 0.6175656984785616 0.01171875 0.008298755186721992
10 0.64404296875 0.6908713692946058 0.010498046875 0.009681881051175657
35 0.791015625 0.6687413554633471 0.0166015625 0.018326417704011066
35 0.6376953125 0.17219917012448133 0.0166015625 0.019363762102351315
10 0.06201171875 0.6058091286307054 0.010498046875 0.0169432918395574
10 0.0849609375 0.6037344398340249 0.011962890625 0.009681881051175657
10 0.658203125 0.5034578146611342 0.010009765625 0.019363762102351315
10 0.5888671875 0.42047026279391425 0.011474609375 0.013831258644536652
10 0.4150390625 0.40802213001383125 0.011962890625 0.013831258644536652
10 0.36328125 0.27247579529737204 0.011962890625 0.010719225449515906
10 0.41552734375 0.1839557399723375 0.0107421875 0.014177040110650069
10 0.58837890625 0.19640387275242047 0.010986328125 0.015214384508990318
13 0.56298828125 0.19571230982019364 0.0126953125 0.011065006915629323
13 0.3349609375 0.27385892116182575 0.011962890625 0.012448132780082987
58 0.5166015625 0.2544951590594744 0.015625 0.021784232365145227
58 0.4345703125 0.2551867219917012 0.015380859375 0.02351313969571231
74 0.3642578125 0.31466113416320884 0.015625 0.023167358229598894
12 0.47802734375 0.173582295988935 0.032470703125 0.048409405255878286
74 0.67333984375 0.6438450899031812 0.013671875 0.02351313969571231
13 0.87060546875 0.6915629322268326 0.012451171875 0.011065006915629323
74 0.64453125 0.7323651452282157 0.013916015625 0.02074688796680498
58 0.517578125 0.6770401106500692 0.013916015625 0.02074688796680498
58 0.43408203125 0.6784232365145229 0.0146484375 0.021092669432918397
58 0.1669921875 0.5892116182572614 0.015869140625 0.022130013831258646
58 0.16650390625 0.7627939142461964 0.016845703125 0.02074688796680498
93 0.28173828125 0.6466113416320886 0.014892578125 0.02074688796680498
74 0.36376953125 0.6459197786998617 0.0146484375 0.01970954356846473
13 0.56201171875 0.6175656984785616 0.01171875 0.009681881051175657
58 0.43359375 0.47925311203319504 0.0166015625 0.02074688796680498
58 0.517578125 0.47994467496542187 0.015625 0.022130013831258646
12 0.4765625 0.3997233748271093 0.031005859375 0.04944674965421853
13 0.5625 0.4190871369294606 0.0107421875 0.008644536652835409