37 0.18603515625 0.27385892116182575 0.0078125 0.017289073305670817
37 0.146484375 0.2745504840940526 0.0078125 0.017289073305670817
37 0.146484375 0.44744121715076074 0.0068359375 0.01590594744121715
37 0.18603515625 0.44744121715076074 0.00634765625 0.016597510373443983
37 0.43359375 0.35269709543568467 0.00830078125 0.017980636237897647
37 0.515625 0.35131396957123096 0.00830078125 0.01590594744121715
37 0.43359375 0.7745504840940526 0.0068359375 0.01590594744121715
37 0.5166015625 0.7745504840940526 0.0078125 0.016597510373443983
37 0.51611328125 0.5511756569847857 0.00634765625 0.01590594744121715
37 0.43359375 0.5511756569847857 0.0078125 0.01867219917012448
74 0.08642578125 0.3478561549100968 0.015625 0.022130013831258646
49 0.0498046875 0.36721991701244816 0.01318359375 0.020055325034578148
10 0.12841796875 0.30982019363762103 0.0107421875 0.014522821576763486
10 0.20654296875 0.3091286307053942 0.01123046875 0.013831258644536652
10 0.12841796875 0.4827109266943292 0.0107421875 0.013831258644536652
10 0.20654296875 0.4827109266943292 0.01123046875 0.014522821576763486
10 0.36376953125 0.39557399723374825 0.01123046875 0.011065006915629323
10 0.4150390625 0.39349930843706776 0.01220703125 0.01313969571230982
10 0.58837890625 0.3796680497925311 0.01123046875 0.01313969571230982
10 0.6455078125 0.3824343015214384 0.01171875 0.008298755186721992
10 0.64404296875 0.3091286307053942 0.01025390625 0.009681881051175657
35 0.791015625 0.3312586445366528 0.0166015625 0.01867219917012448
35 0.6376953125 0.8278008298755186 0.0166015625 0.019363762102351315
10 0.06201171875 0.3941908713692946 0.01025390625 0.017289073305670817
10 0.0849609375 0.3962655601659751 0.01220703125 0.009681881051175657
10 0.658203125 0.49654218533886585 0.01025390625 0.019363762102351315
10 0.5888671875 0.5795297372060858 0.01123046875 0.013831258644536652
10 0.4150390625 0.5919778699861687 0.01220703125 0.013831258644536652
10 0.36328125 0.7275242047026279 0.01220703125 0.01037344398340249
10 0.41552734375 0.8160442600276625 0.0107421875 0.014522821576763486
10 0.58837890625 0.8035961272475796 0.01123046875 0.015214384508990318
13 0.56298828125 0.8042876901798064 0.0126953125 0.011065006915629323
13 0.3349609375 0.7261410788381742 0.01220703125 0.012448132780082987
58 0.5166015625 0.7455048409405256 0.015625 0.021438450899031812
58 0.4345703125 0.7448132780082988 0.01513671875 0.02351313969571231
74 0.3642578125 0.6853388658367912 0.015625 0.022821576763485476
12 0.47802734375 0.826417704011065 0.03271484375 0.048409405255878286
74 0.67333984375 0.3561549100968188 0.013671875 0.02351313969571231
13 0.87060546875 0.3084370677731674 0.01220703125 0.011065006915629323
74 0.64453125 0.2676348547717842 0.01416015625 0.02074688796680498
58 0.517578125 0.32295988934993086 0.01416015625 0.02074688796680498
58 0.43408203125 0.3215767634854772 0.0146484375 0.021438450899031812
58 0.1669921875 0.4107883817427386 0.01611328125 0.022130013831258646
58 0.16650390625 0.23720608575380359 0.01708984375 0.02074688796680498
93 0.28173828125 0.3533886583679115 0.01513671875 0.02074688796680498
74 0.36376953125 0.35408022130013833 0.0146484375 0.020055325034578148
13 0.56201171875 0.3824343015214384 0.01171875 0.009681881051175657
58 0.43359375 0.520746887966805 0.0166015625 0.02074688796680498
58 0.517578125 0.5200553250345782 0.015625 0.022130013831258646
12 0.4765625 0.6002766251728907 0.03076171875 0.04910096818810512
13 0.5625 0.5809128630705395 0.0107421875 0.008990318118948824