37 0.15771484375 0.10926694329183956 0.01416015625 0.01867219917012448
37 0.3681640625 0.10926694329183956 0.013671875 0.017980636237897647
37 0.78466796875 0.3603042876901798 0.0146484375 0.01867219917012448
37 0.3681640625 0.3160442600276625 0.013671875 0.01590594744121715
37 0.154296875 0.3160442600276625 0.013671875 0.016597510373443983
37 0.1572265625 0.5760719225449515 0.0205078125 0.019363762102351315
37 0.19970703125 0.5504840940525588 0.0068359375 0.020055325034578148
37 0.26416015625 0.5504840940525588 0.0087890625 0.019363762102351315
37 0.47265625 0.4605809128630705 0.0126953125 0.011756569847856155
37 0.4736328125 0.4979253112033195 0.01220703125 0.011756569847856155
37 0.55419921875 0.46473029045643155 0.01318359375 0.017980636237897647
37 0.5546875 0.5 0.01513671875 0.017980636237897647
37 0.42236328125 0.6210235131396957 0.01318359375 0.020055325034578148
37 0.34912109375 0.6445366528354081 0.0146484375 0.01037344398340249
37 0.26123046875 0.7482710926694329 0.0107421875 0.01867219917012448
37 0.19677734375 0.7475795297372061 0.00830078125 0.01867219917012448
37 0.15625 0.7752420470262794 0.0146484375 0.01867219917012448
35 0.17236328125 0.3333333333333333 0.02099609375 0.022821576763485476
35 0.3115234375 0.3326417704011065 0.021484375 0.019363762102351315
35 0.5068359375 0.8229598893499308 0.017578125 0.028354080221300138
35 0.505859375 0.7690179806362379 0.015625 0.02627939142461964
35 0.5048828125 0.8810511756569848 0.01611328125 0.027662517289073305
35 0.6044921875 0.8879668049792531 0.01611328125 0.0318118948824343
35 0.60205078125 0.8319502074688797 0.015625 0.029737206085753802
35 0.6025390625 0.7793914246196404 0.015625 0.03112033195020747
101 0.5654296875 0.7752420470262794 0.0537109375 0.03941908713692946
101 0.56640625 0.8291839557399724 0.0537109375 0.03872752420470263
101 0.564453125 0.8865836791147994 0.0537109375 0.03941908713692946
59 0.359375 0.7206085753803596 0.01708984375 0.022821576763485476
6 0.3359375 0.73582295988935 0.0107421875 0.017980636237897647
24 0.35888671875 0.7461964038727524 0.00830078125 0.017289073305670817
71 0.330078125 0.6950207468879668 0.029296875 0.024204702627939143
13 0.294921875 0.7759336099585062 0.01171875 0.01590594744121715
70 0.22998046875 0.7759336099585062 0.02490234375 0.022821576763485476
58 0.19775390625 0.719225449515906 0.015625 0.021438450899031812
58 0.2626953125 0.719225449515906 0.01513671875 0.02074688796680498
69 0.5341796875 0.6721991701244814 0.0166015625 0.016597510373443983
64 0.52587890625 0.6307053941908713 0.01904296875 0.021438450899031812
91 0.48486328125 0.6182572614107884 0.056640625 0.040110650069156296
38 0.603515625 0.6175656984785616 0.05615234375 0.04080221300138313
38 0.6025390625 0.6708160442600276 0.05517578125 0.04080221300138313
38 0.60205078125 0.5428769017980636 0.0556640625 0.042185338865836794
38 0.603515625 0.5 0.05517578125 0.03734439834024896
38 0.60302734375 0.4605809128630705 0.05615234375 0.04564315352697095
69 0.63916015625 0.5027662517289073 0.013671875 0.02074688796680498
69 0.64111328125 0.46473029045643155 0.015625 0.01867219917012448
69 0.5556640625 0.5456431535269709 0.01513671875 0.02074688796680498
69 0.8115234375 0.3603042876901798 0.01513671875 0.017980636237897647
69 0.2978515625 0.5774550484094052 0.01171875 0.019363762102351315
35 0.1728515625 0.12793914246196403 0.017578125 0.019363762102351315
35 0.310546875 0.1251728907330567 0.02001953125 0.02074688796680498
35 0.87353515625 0.21715076071922546 0.01513671875 0.026970954356846474
35 0.87353515625 0.2773167358229599 0.01611328125 0.024896265560165973
35 0.685546875 0.27800829875518673 0.013671875 0.027662517289073305
35 0.65673828125 0.27800829875518673 0.01416015625 0.027662517289073305
35 0.3525390625 0.06293222683264177 0.01806640625 0.024204702627939143
35 0.1806640625 0.06500691562932227 0.0185546875 0.022130013831258646
35 0.353515625 0.08852005532503458 0.01318359375 0.02074688796680498
70 0.228515625 0.11065006915629322 0.02978515625 0.025587828492392807
58 0.3466796875 0.2690179806362379 0.01611328125 0.021438450899031812
24 0.34814453125 0.2939142461964039 0.0126953125 0.019363762102351315
13 0.33251953125 0.318118948824343 0.01416015625 0.017980636237897647
70 0.2265625 0.3188105117565698 0.02587890625 0.02627939142461964
58 0.1787109375 0.27247579529737204 0.017578125 0.021438450899031812
24 0.1806640625 0.29737206085753803 0.0146484375 0.01867219917012448
13 0.33935546875 0.10995850622406639 0.01318359375 0.016597510373443983
59 0.70703125 0.2351313969571231 0.0166015625 0.022821576763485476
24 0.70849609375 0.25933609958506226 0.01513671875 0.021438450899031812
71 0.6650390625 0.3623789764868603 0.02734375 0.0318118948824343
71 0.51806640625 0.4903181189488243 0.0166015625 0.03803596127247579
71 0.51806640625 0.4529737206085754 0.01806640625 0.03734439834024896
70 0.23291015625 0.5816044260027663 0.02490234375 0.030428769017980636
58 0.2001953125 0.5235131396957123 0.015625 0.022130013831258646
58 0.26513671875 0.5221300138312587 0.01513671875 0.022821576763485476