37 0.15771484375 0.8907330567081605 0.014404296875 0.019017980636237896
37 0.3681640625 0.8907330567081605 0.013671875 0.017980636237897647
37 0.78466796875 0.6396957123098201 0.0146484375 0.018326417704011066
37 0.3681640625 0.6839557399723375 0.013671875 0.015560165975103735
37 0.154296875 0.6839557399723375 0.013671875 0.016597510373443983
37 0.1572265625 0.4239280774550484 0.0205078125 0.019363762102351315
37 0.19970703125 0.44951590594744123 0.0068359375 0.01970954356846473
37 0.26416015625 0.44951590594744123 0.0087890625 0.019363762102351315
37 0.47265625 0.5394190871369294 0.0126953125 0.011410788381742738
37 0.4736328125 0.5020746887966805 0.011962890625 0.011410788381742738
37 0.55419921875 0.5352697095435685 0.012939453125 0.017980636237897647
37 0.5546875 0.5 0.015380859375 0.017980636237897647
37 0.42236328125 0.3789764868603043 0.012939453125 0.01970954356846473
37 0.34912109375 0.355463347164592 0.0146484375 0.010719225449515906
37 0.26123046875 0.2517289073305671 0.0107421875 0.019017980636237896
37 0.19677734375 0.2524204702627939 0.008544921875 0.018326417704011066
37 0.15625 0.22475795297372061 0.0146484375 0.018326417704011066
35 0.17236328125 0.6666666666666666 0.020751953125 0.02247579529737206
35 0.3115234375 0.6673582295988935 0.021484375 0.019363762102351315
35 0.5068359375 0.17704011065006917 0.017578125 0.028008298755186723
35 0.505859375 0.23098201936376211 0.015625 0.02627939142461964
35 0.5048828125 0.11894882434301521 0.015869140625 0.027662517289073305
35 0.6044921875 0.11203319502074689 0.015869140625 0.0318118948824343
35 0.60205078125 0.16804979253112035 0.015625 0.029391424619640387
35 0.6025390625 0.2206085753803596 0.015625 0.031466113416320884
101 0.5654296875 0.22475795297372061 0.0537109375 0.039764868603042874
101 0.56640625 0.17081604426002767 0.0537109375 0.03872752420470263
101 0.564453125 0.11341632088520055 0.0537109375 0.039073305670816044
59 0.359375 0.2793914246196404 0.017333984375 0.02247579529737206
6 0.3359375 0.2641770401106501 0.0107421875 0.017980636237897647
24 0.35888671875 0.25380359612724757 0.008544921875 0.017634854771784232
71 0.330078125 0.3049792531120332 0.029296875 0.023858921161825725
13 0.294921875 0.22406639004149378 0.01171875 0.01625172890733057
70 0.22998046875 0.22406639004149378 0.024658203125 0.02247579529737206
58 0.19775390625 0.28077455048409405 0.015625 0.021784232365145227
58 0.2626953125 0.28077455048409405 0.015380859375 0.02074688796680498
69 0.5341796875 0.3278008298755187 0.0166015625 0.016597510373443983
64 0.52587890625 0.36929460580912865 0.018798828125 0.021784232365145227
91 0.48486328125 0.3817427385892116 0.056640625 0.040110650069156296
38 0.603515625 0.3824343015214384 0.056396484375 0.04045643153526971
38 0.6025390625 0.32918395573997233 0.054931640625 0.04114799446749654
38 0.60205078125 0.45712309820193636 0.0556640625 0.04253112033195021
38 0.603515625 0.5 0.054931640625 0.03734439834024896
38 0.60302734375 0.5394190871369294 0.055908203125 0.04564315352697095
69 0.63916015625 0.4972337482710927 0.013671875 0.02074688796680498
69 0.64111328125 0.5352697095435685 0.015625 0.019017980636237896
69 0.5556640625 0.45435684647302904 0.015380859375 0.02074688796680498
69 0.8115234375 0.6396957123098201 0.015380859375 0.017980636237897647
69 0.2978515625 0.42254495159059474 0.01171875 0.019363762102351315
35 0.1728515625 0.872060857538036 0.017578125 0.019363762102351315
35 0.310546875 0.8748271092669433 0.019775390625 0.02074688796680498
35 0.87353515625 0.7828492392807745 0.014892578125 0.02731673582295989
35 0.87353515625 0.7226832641770401 0.016357421875 0.024896265560165973
35 0.685546875 0.7219917012448133 0.013671875 0.027662517289073305
35 0.65673828125 0.7219917012448133 0.014404296875 0.027662517289073305
35 0.3525390625 0.9370677731673582 0.017822265625 0.023858921161825725
35 0.1806640625 0.9349930843706777 0.0185546875 0.022130013831258646
35 0.353515625 0.9114799446749654 0.013427734375 0.02074688796680498
70 0.228515625 0.8893499308437067 0.029541015625 0.025242047026279392
58 0.3466796875 0.7309820193637621 0.015869140625 0.021092669432918397
24 0.34814453125 0.7060857538035962 0.0126953125 0.019363762102351315
13 0.33251953125 0.681881051175657 0.014404296875 0.017980636237897647
70 0.2265625 0.6811894882434302 0.025634765625 0.02627939142461964
58 0.1787109375 0.7275242047026279 0.017578125 0.021784232365145227
24 0.1806640625 0.7026279391424619 0.0146484375 0.019017980636237896
13 0.33935546875 0.8900414937759336 0.012939453125 0.016597510373443983
59 0.70703125 0.7648686030428768 0.0166015625 0.02247579529737206
24 0.70849609375 0.7406639004149378 0.014892578125 0.021092669432918397
71 0.6650390625 0.6376210235131397 0.02734375 0.0318118948824343
71 0.51806640625 0.5096818810511756 0.0166015625 0.03769017980636238
71 0.51806640625 0.5470262793914247 0.018310546875 0.03734439834024896
70 0.23291015625 0.41839557399723376 0.024658203125 0.030428769017980636
58 0.2001953125 0.47648686030428766 0.015625 0.022130013831258646
58 0.26513671875 0.4778699861687414 0.014892578125 0.023167358229598894