37 0.15771484375 0.10926694329183956 0.01416015625 0.017980636237897647
37 0.36865234375 0.10926694329183956 0.01318359375 0.017980636237897647
37 0.154296875 0.31673582295988933 0.01416015625 0.01590594744121715
37 0.36865234375 0.31673582295988933 0.015625 0.01590594744121715
37 0.78466796875 0.36099585062240663 0.013671875 0.017289073305670817
37 0.34912109375 0.6438450899031812 0.0126953125 0.01037344398340249
37 0.42333984375 0.6217150760719226 0.01416015625 0.022130013831258646
37 0.26220703125 0.7489626556016598 0.009765625 0.01590594744121715
37 0.19677734375 0.7482710926694329 0.0078125 0.01590594744121715
37 0.15576171875 0.7752420470262794 0.01416015625 0.01867219917012448
37 0.55419921875 0.5013831258644537 0.0146484375 0.017289073305670817
37 0.5546875 0.46473029045643155 0.01416015625 0.019363762102351315
37 0.47412109375 0.4979253112033195 0.01220703125 0.011065006915629323
37 0.47314453125 0.4612724757952974 0.01220703125 0.012448132780082987
35 0.87451171875 0.21715076071922546 0.01611328125 0.027662517289073305
35 0.87353515625 0.2773167358229599 0.013671875 0.022821576763485476
69 0.81201171875 0.36168741355463346 0.01513671875 0.019363762102351315
59 0.70703125 0.2351313969571231 0.01708984375 0.022130013831258646
35 0.68505859375 0.2800829875518672 0.0126953125 0.027662517289073305
35 0.6572265625 0.27869986168741356 0.01416015625 0.02627939142461964
24 0.70849609375 0.2600276625172891 0.01318359375 0.020055325034578148
71 0.666015625 0.36099585062240663 0.0283203125 0.03319502074688797
71 0.517578125 0.45435684647302904 0.01953125 0.03872752420470263
71 0.51904296875 0.49100968188105115 0.0185546875 0.042876901798063624
71 0.32958984375 0.6950207468879668 0.03076171875 0.03250345781466114
69 0.640625 0.4654218533886584 0.01611328125 0.017980636237897647
69 0.63916015625 0.5 0.013671875 0.019363762102351315
69 0.5546875 0.5449515905947441 0.013671875 0.01590594744121715
69 0.53369140625 0.673582295988935 0.0146484375 0.017980636237897647
38 0.60302734375 0.6708160442600276 0.0546875 0.03872752420470263
38 0.603515625 0.6175656984785616 0.0546875 0.03803596127247579
38 0.6025390625 0.5421853388658368 0.05419921875 0.04080221300138313
38 0.603515625 0.5034578146611342 0.05517578125 0.03319502074688797
38 0.60400390625 0.4612724757952974 0.0595703125 0.03941908713692946
101 0.56591796875 0.7766251728907331 0.05419921875 0.03872752420470263
101 0.56591796875 0.8291839557399724 0.05419921875 0.04080221300138313
101 0.56396484375 0.8872752420470262 0.05517578125 0.04149377593360996
91 0.48583984375 0.6168741355463347 0.05322265625 0.04495159059474412
35 0.60498046875 0.7786998616874136 0.02197265625 0.03112033195020747
35 0.603515625 0.8319502074688797 0.02001953125 0.029737206085753802
35 0.6064453125 0.8886583679114799 0.0205078125 0.029737206085753802
35 0.5068359375 0.8803596127247579 0.02197265625 0.0318118948824343
35 0.50732421875 0.8229598893499308 0.01953125 0.029737206085753802
35 0.50830078125 0.7704011065006916 0.0205078125 0.029045643153526972
58 0.1982421875 0.719225449515906 0.0166015625 0.022821576763485476
58 0.2626953125 0.7185338865836791 0.015625 0.022821576763485476
59 0.35888671875 0.7199170124481328 0.01513671875 0.022821576763485476
58 0.26513671875 0.5221300138312587 0.01611328125 0.022821576763485476
58 0.2001953125 0.5221300138312587 0.01513671875 0.021438450899031812
37 0.2001953125 0.5504840940525588 0.009765625 0.017289073305670817
37 0.26416015625 0.5511756569847857 0.00830078125 0.017289073305670817
70 0.232421875 0.5802213001383126 0.02392578125 0.027662517289073305
37 0.15771484375 0.5767634854771784 0.01806640625 0.017289073305670817
69 0.2978515625 0.5781466113416321 0.013671875 0.01867219917012448
13 0.29541015625 0.7759336099585062 0.013671875 0.016597510373443983
69 0.2314453125 0.7773167358229599 0.02685546875 0.026970954356846474
6 0.3369140625 0.7372060857538036 0.01220703125 0.02074688796680498
24 0.35888671875 0.7455048409405256 0.01171875 0.016597510373443983
70 0.2265625 0.318118948824343 0.02685546875 0.024204702627939143
58 0.17822265625 0.27247579529737204 0.015625 0.024204702627939143
24 0.1806640625 0.29737206085753803 0.01416015625 0.02074688796680498
24 0.34716796875 0.2939142461964039 0.0166015625 0.02351313969571231
58 0.34716796875 0.26832641770401106 0.01708984375 0.022821576763485476
58 0.35205078125 0.06293222683264177 0.0166015625 0.02351313969571231
24 0.35400390625 0.08852005532503458 0.01318359375 0.019363762102351315
13 0.3388671875 0.10995850622406639 0.015625 0.015214384508990318
35 0.31005859375 0.12448132780082988 0.02001953125 0.019363762102351315
70 0.2275390625 0.11065006915629322 0.0283203125 0.021438450899031812
58 0.18017578125 0.06500691562932227 0.01513671875 0.021438450899031812
24 0.18212890625 0.08990318118948824 0.01416015625 0.01867219917012448
35 0.17333984375 0.12793914246196403 0.01953125 0.022130013831258646
35 0.31201171875 0.3333333333333333 0.02197265625 0.02351313969571231
35 0.17236328125 0.3333333333333333 0.02197265625 0.02074688796680498
13 0.33203125 0.3188105117565698 0.01416015625 0.01590594744121715
64 0.525390625 0.632088520055325 0.01611328125 0.026970954356846474