37 0.84228515625 0.8907330567081605 0.014404296875 0.017980636237897647
37 0.63134765625 0.8907330567081605 0.012939453125 0.017980636237897647
37 0.845703125 0.6832641770401107 0.013916015625 0.01625172890733057
37 0.63134765625 0.6832641770401107 0.015625 0.01625172890733057
37 0.21533203125 0.6390041493775933 0.013671875 0.0169432918395574
37 0.65087890625 0.3561549100968188 0.0126953125 0.010027662517289074
37 0.57666015625 0.37828492392807744 0.014404296875 0.022130013831258646
37 0.73779296875 0.25103734439834025 0.009765625 0.015560165975103735
37 0.80322265625 0.2517289073305671 0.0078125 0.01625172890733057
37 0.84423828125 0.22475795297372061 0.014404296875 0.018326417704011066
37 0.44580078125 0.49861687413554634 0.0146484375 0.017634854771784232
37 0.4453125 0.5352697095435685 0.013916015625 0.019363762102351315
37 0.52587890625 0.5020746887966805 0.012451171875 0.011065006915629323
37 0.52685546875 0.5387275242047026 0.012451171875 0.012448132780082987
35 0.12548828125 0.7828492392807745 0.016357421875 0.027662517289073305
35 0.12646484375 0.7226832641770401 0.013671875 0.023167358229598894
69 0.18798828125 0.6383125864453665 0.014892578125 0.019363762102351315
59 0.29296875 0.7648686030428768 0.017333984375 0.022130013831258646
35 0.31494140625 0.7199170124481328 0.0126953125 0.027662517289073305
35 0.3427734375 0.7213001383125864 0.013916015625 0.02627939142461964
24 0.29150390625 0.739972337482711 0.012939453125 0.01970954356846473
71 0.333984375 0.6390041493775933 0.0283203125 0.03319502074688797
71 0.482421875 0.5456431535269709 0.01953125 0.03872752420470263
71 0.48095703125 0.5089903181189488 0.0185546875 0.042876901798063624
71 0.67041015625 0.3049792531120332 0.030517578125 0.032157676348547715
69 0.359375 0.5345781466113416 0.015869140625 0.017980636237897647
69 0.36083984375 0.5 0.013671875 0.019363762102351315
69 0.4453125 0.45504840940525587 0.013671875 0.01625172890733057
69 0.46630859375 0.326417704011065 0.0146484375 0.017980636237897647
38 0.39697265625 0.32918395573997233 0.0546875 0.03872752420470263
38 0.396484375 0.3824343015214384 0.0546875 0.03769017980636238
38 0.3974609375 0.4578146611341632 0.054443359375 0.04114799446749654
38 0.396484375 0.49654218533886585 0.054931640625 0.03319502074688797
38 0.39599609375 0.5387275242047026 0.0595703125 0.039764868603042874
101 0.43408203125 0.22337482710926695 0.053955078125 0.03872752420470263
101 0.43408203125 0.17081604426002767 0.053955078125 0.04045643153526971
101 0.43603515625 0.11272475795297372 0.055419921875 0.04149377593360996
91 0.51416015625 0.3831258644536653 0.053466796875 0.044605809128630707
35 0.39501953125 0.22130013831258644 0.022216796875 0.030774550484094054
35 0.396484375 0.16804979253112035 0.019775390625 0.029391424619640387
35 0.3935546875 0.11134163208852006 0.0205078125 0.029391424619640387
35 0.4931640625 0.11964038727524205 0.021728515625 0.0318118948824343
35 0.49267578125 0.17704011065006917 0.01953125 0.03008298755186722
35 0.49169921875 0.22959889349930843 0.0205078125 0.029045643153526972
58 0.8017578125 0.28077455048409405 0.0166015625 0.02247579529737206
58 0.7373046875 0.2814661134163209 0.015625 0.023167358229598894
59 0.64111328125 0.2800829875518672 0.014892578125 0.023167358229598894
58 0.73486328125 0.4778699861687414 0.016357421875 0.023167358229598894
58 0.7998046875 0.4778699861687414 0.015380859375 0.021092669432918397
37 0.7998046875 0.44951590594744123 0.009765625 0.0169432918395574
37 0.73583984375 0.4488243430152144 0.008544921875 0.017634854771784232
70 0.767578125 0.4197786998616874 0.023681640625 0.027662517289073305
37 0.84228515625 0.42323651452282157 0.018310546875 0.0169432918395574
69 0.7021484375 0.4218533886583679 0.013671875 0.019017980636237896
13 0.70458984375 0.22406639004149378 0.013671875 0.016597510373443983
69 0.7685546875 0.22268326417704012 0.027099609375 0.02731673582295989
6 0.6630859375 0.2627939142461964 0.011962890625 0.02074688796680498
24 0.64111328125 0.2544951590594744 0.01171875 0.016597510373443983
70 0.7734375 0.681881051175657 0.027099609375 0.02455048409405256
58 0.82177734375 0.7275242047026279 0.015625 0.02455048409405256
24 0.8193359375 0.7026279391424619 0.013916015625 0.02074688796680498
24 0.65283203125 0.7060857538035962 0.0166015625 0.02351313969571231
58 0.65283203125 0.7316735822959889 0.016845703125 0.02247579529737206
58 0.64794921875 0.9370677731673582 0.0166015625 0.02351313969571231
24 0.64599609375 0.9114799446749654 0.012939453125 0.019363762102351315
13 0.6611328125 0.8900414937759336 0.015625 0.015214384508990318
35 0.68994140625 0.8755186721991701 0.020263671875 0.019363762102351315
70 0.7724609375 0.8893499308437067 0.0283203125 0.021784232365145227
58 0.81982421875 0.9349930843706777 0.014892578125 0.021784232365145227
24 0.81787109375 0.9100968188105117 0.014404296875 0.019017980636237896
35 0.82666015625 0.872060857538036 0.01953125 0.022130013831258646
35 0.68798828125 0.6666666666666666 0.022216796875 0.02351313969571231
35 0.82763671875 0.6666666666666666 0.022216796875 0.02074688796680498
13 0.66796875 0.6811894882434302 0.013916015625 0.015560165975103735
64 0.474609375 0.367911479944675 0.015869140625 0.02731673582295989