92 0.75927734375 0.2330567081604426 0.0146484375 0.02351313969571231
92 0.607421875 0.23374827109266944 0.019775390625 0.01970954356846473
58 0.60791015625 0.28077455048409405 0.016357421875 0.025242047026279392
92 0.607421875 0.36099585062240663 0.015625 0.021784232365145227
58 0.607421875 0.40802213001383125 0.0146484375 0.021784232365145227
92 0.759765625 0.36099585062240663 0.015869140625 0.019363762102351315
92 0.759765625 0.40802213001383125 0.0146484375 0.01970954356846473
92 0.76025390625 0.2821576763485477 0.016845703125 0.022130013831258646
13 0.498046875 0.5822959889349931 0.017578125 0.02351313969571231
73 0.55224609375 0.5020746887966805 0.0205078125 0.02351313969571231
10 0.5625 0.43015214384508993 0.0185546875 0.02351313969571231
10 0.5625 0.38105117565698476 0.021484375 0.021092669432918397
10 0.77783203125 0.4287690179806362 0.01953125 0.02455048409405256
10 0.77783203125 0.3824343015214384 0.017578125 0.022130013831258646
10 0.7783203125 0.3035961272475795 0.01953125 0.023858921161825725
10 0.77734375 0.2551867219917012 0.021240234375 0.022130013831258646
10 0.5634765625 0.2551867219917012 0.0166015625 0.02074688796680498
10 0.56396484375 0.30221300138312585 0.016357421875 0.02074688796680498
56 0.68359375 0.2821576763485477 0.082275390625 0.10753803596127248
56 0.6845703125 0.4114799446749654 0.086181640625 0.1037344398340249