92 0.24072265625 0.2330567081604426 0.0146484375 0.02351313969571231
92 0.392578125 0.23374827109266944 0.02001953125 0.020055325034578148
58 0.39208984375 0.28077455048409405 0.01611328125 0.025587828492392807
92 0.392578125 0.36099585062240663 0.015625 0.021438450899031812
58 0.392578125 0.40802213001383125 0.0146484375 0.021438450899031812
92 0.240234375 0.36099585062240663 0.01611328125 0.019363762102351315
92 0.240234375 0.40802213001383125 0.0146484375 0.020055325034578148
92 0.23974609375 0.2821576763485477 0.01708984375 0.022130013831258646
13 0.501953125 0.5822959889349931 0.017578125 0.02351313969571231
73 0.44775390625 0.5020746887966805 0.0205078125 0.02351313969571231
10 0.4375 0.43015214384508993 0.0185546875 0.02351313969571231
10 0.4375 0.38105117565698476 0.021484375 0.021438450899031812
10 0.22216796875 0.4287690179806362 0.01953125 0.024204702627939143
10 0.22216796875 0.3824343015214384 0.017578125 0.022130013831258646
10 0.2216796875 0.3035961272475795 0.01953125 0.024204702627939143
10 0.22265625 0.2551867219917012 0.02099609375 0.022130013831258646
10 0.4365234375 0.2551867219917012 0.0166015625 0.02074688796680498
10 0.43603515625 0.30221300138312585 0.01611328125 0.02074688796680498
56 0.31640625 0.2821576763485477 0.08251953125 0.10719225449515905
56 0.3154296875 0.4114799446749654 0.08642578125 0.1037344398340249