133 0.084319 0.073529 0.101426 0.057932
134 0.372697 0.053052 0.102139 0.105254
135 0.661694 0.071938 0.102139 0.053900
136 0.941586 0.051778 0.115599 0.103556
137 0.084095 0.202869 0.101347 0.087429
138 0.374676 0.217087 0.115599 0.060691
139 0.662882 0.191622 0.117183 0.109923
140 0.924959 0.218997 0.110848 0.055174
141 0.090429 0.346320 0.102931 0.052627
142 0.366363 0.346745 0.100555 0.054325
143 0.647838 0.345896 0.102931 0.053476
144 0.928918 0.346320 0.101347 0.054325
145 0.093992 0.465580 0.102139 0.054325
146 0.372697 0.463670 0.102139 0.054749
147 0.649422 0.465580 0.104514 0.055174
148 0.927730 0.466005 0.102139 0.053476
149 0.093992 0.588235 0.102139 0.055174
150 0.373093 0.587811 0.102931 0.053476
151 0.649422 0.588660 0.102931 0.052627
152 0.926939 0.588872 0.103722 0.052203
153 0.086075 0.712376 0.103722 0.054749
154 0.367154 0.711527 0.098972 0.053052
155 0.646255 0.711527 0.107681 0.052203
156 0.926147 0.713012 0.103722 0.054325
157 0.084491 0.832060 0.106889 0.053900
158 0.366759 0.831848 0.106098 0.055174
159 0.647442 0.831211 0.105306 0.054749
160 0.924563 0.830362 0.111640 0.054749
161 0.086866 0.953866 0.113224 0.058144
162 0.369530 0.955564 0.102139 0.053900
163 0.640316 0.955564 0.106889 0.053900
164 0.924959 0.955352 0.106098 0.054325