120 0.093538 0.041345 0.187076 0.082690
121 0.368479 0.041592 0.086436 0.083184
122 0.626935 0.049267 0.080181 0.067835
123 0.903588 0.049762 0.098947 0.067835
124 0.071923 0.261933 0.080181 0.051495
125 0.344880 0.252773 0.097241 0.069816
125 0.620111 0.250050 0.096104 0.077243
125 0.909275 0.242375 0.078475 0.091602
125 0.078462 0.464448 0.094398 0.079224
126 0.345733 0.454545 0.096672 0.098039
127 0.634612 0.462468 0.144440 0.084175
128 0.906017 0.484254 0.187966 0.038622
129 0.080168 0.689741 0.100084 0.076253
129 0.360518 0.710289 0.192207 0.035155
130 0.622670 0.653842 0.095535 0.148049
131 0.885391 0.685779 0.174010 0.085165
132 0.075050 0.905377 0.097810 0.126263
132 0.355684 0.904139 0.101790 0.124777