86 0.081531 0.059842 0.087977 0.119684
87 0.346041 0.074909 0.120390 0.092946
88 0.652802 0.082124 0.155117 0.075970
89 0.916983 0.074697 0.166034 0.092522
90 0.084465 0.269077 0.168929 0.185044
91 0.345172 0.300059 0.087398 0.122231
92 0.652802 0.299847 0.169008 0.123504
93 0.920206 0.299635 0.090292 0.122231
94 0.084175 0.495926 0.168350 0.147271
95 0.345462 0.506748 0.169008 0.120533
96 0.651934 0.498897 0.048040 0.064086
97 0.919338 0.497835 0.048040 0.065359
98 0.080952 0.710042 0.086819 0.123080
99 0.345751 0.713012 0.086241 0.116289
100 0.652513 0.713012 0.158011 0.117138
101 0.919338 0.714710 0.155696 0.115440
102 0.081531 0.914396 0.157432 0.114167
103 0.345172 0.912911 0.158011 0.116289
104 0.651934 0.927977 0.159169 0.083609