0 0.103945 0.024377 0.153002 0.047573
1 0.362584 0.023511 0.231547 0.047022
1 0.621980 0.025662 0.207676 0.050095
1 0.892913 0.024279 0.210063 0.048558
2 0.105576 0.107106 0.210859 0.059315
3 0.356617 0.112023 0.112988 0.048251
3 0.620389 0.112945 0.134472 0.044563
4 0.890128 0.113406 0.123332 0.079907
5 0.088468 0.190546 0.114580 0.022743
6 0.351047 0.192698 0.140042 0.017825
7 0.619991 0.189317 0.122537 0.024587
8 0.887741 0.193159 0.121741 0.018133
4 0.100801 0.262923 0.193353 0.050710
9 0.353036 0.263999 0.094687 0.044871
9 0.622776 0.263999 0.120150 0.046100
10 0.897688 0.269685 0.046150 0.032885
11 0.101199 0.341293 0.093892 0.038417
12 0.347466 0.335608 0.064451 0.046100
13 0.623174 0.343598 0.157547 0.031963
14 0.896494 0.346364 0.102644 0.023972
15 0.100006 0.407216 0.083548 0.052247
16 0.351842 0.419663 0.105031 0.026738
17 0.631926 0.417204 0.189375 0.034114
18 0.897688 0.416743 0.125719 0.030733
19 0.101995 0.512324 0.077978 0.018440
20 0.352240 0.505255 0.046946 0.029504
21 0.634711 0.490657 0.144020 0.063618
22 0.897290 0.500031 0.182214 0.040568
23 0.103984 0.595765 0.136063 0.031655
24 0.353036 0.580245 0.083548 0.062696
25 0.629539 0.584086 0.084343 0.056242
26 0.898483 0.581013 0.079569 0.063003
27 0.102791 0.692729 0.065247 0.046715
28 0.346670 0.678438 0.097870 0.075297
29 0.625959 0.689655 0.080365 0.051632
30 0.890526 0.692575 0.062064 0.047637
31 0.099608 0.773864 0.093892 0.059008
32 0.353434 0.776477 0.206880 0.055627
33 0.622378 0.776784 0.089118 0.052554
34 0.898483 0.778474 0.114580 0.049788
35 0.110350 0.878665 0.080365 0.063311
36 0.363380 0.872057 0.155160 0.075297
37 0.621184 0.872826 0.158343 0.073760
38 0.906838 0.886502 0.113784 0.046407
39 0.117113 0.978087 0.093892 0.020591
40 0.363380 0.968099 0.102644 0.036880