1 0.9879807692307693 0.5877403846153846 0.019230769230769232 0.04567307692307692
0 0.7439903846153846 0.7271634615384616 0.04807692307692308 0.040865384615384616
0 0.7259615384615384 0.6454326923076923 0.05048076923076923 0.040865384615384616
1 0.6778846153846154 0.6538461538461539 0.04567307692307692 0.040865384615384616
1 0.6959134615384616 0.7379807692307693 0.05048076923076923 0.040865384615384616
0 0.5060096153846154 0.5901442307692307 0.05048076923076923 0.04567307692307692
0 0.44711538461538464 0.6081730769230769 0.05048076923076923 0.040865384615384616
1 0.46875 0.7091346153846154 0.04807692307692308 0.040865384615384616
1 0.41225961538461536 0.9230769230769231 0.05048076923076923 0.040865384615384616
1 0.27884615384615385 0.30288461538461536 0.04807692307692308 0.040865384615384616
0 0.9579326923076923 0.5973557692307693 0.05048076923076923 0.04326923076923077
0 0.3557692307692308 0.9362980769230769 0.05048076923076923 0.040865384615384616
1 0.3401442307692308 0.8629807692307693 0.05048076923076923 0.040865384615384616
0 0.22355769230769232 0.31490384615384615 0.04807692307692308 0.04567307692307692
1 0.20793269230769232 0.2439903846153846 0.04807692307692308 0.04567307692307692
0 0.9771634615384616 0.7211538461538461 0.040865384615384616 0.04326923076923077
0 0.3004807692307692 0.9483173076923077 0.05048076923076923 0.040865384615384616
0 0.16706730769230768 0.328125 0.052884615384615384 0.04326923076923077
0 0.22596153846153846 0.8882211538461539 0.05048076923076923 0.04567307692307692
0 0.09495192307692307 0.2692307692307692 0.05048076923076923 0.04567307692307692
0 0.08533653846153846 0.59375 0.05048076923076923 0.04326923076923077