1 0.009615384615384616 0.43149038461538464 0.019230769230769232 0.04567307692307692
0 0.24879807692307693 0.28125 0.04807692307692308 0.04326923076923077
0 0.2692307692307692 0.3629807692307692 0.05048076923076923 0.04326923076923077
1 0.3173076923076923 0.35216346153846156 0.04567307692307692 0.040865384615384616
1 0.296875 0.2692307692307692 0.05048076923076923 0.04326923076923077
0 0.49158653846153844 0.4110576923076923 0.05048076923076923 0.04807692307692308
0 0.5492788461538461 0.3894230769230769 0.05048076923076923 0.04326923076923077
1 0.5240384615384616 0.28966346153846156 0.04807692307692308 0.04326923076923077
1 0.5733173076923077 0.07451923076923077 0.05048076923076923 0.04326923076923077
1 0.7283653846153846 0.6899038461538461 0.04807692307692308 0.04326923076923077
0 0.038461538461538464 0.41947115384615385 0.05048076923076923 0.04326923076923077
0 0.6286057692307693 0.05889423076923077 0.05048076923076923 0.04326923076923077
1 0.6466346153846154 0.1310096153846154 0.05048076923076923 0.04326923076923077
0 0.7824519230769231 0.6742788461538461 0.04807692307692308 0.04807692307692308
1 0.8004807692307693 0.7463942307692307 0.04807692307692308 0.04807692307692308
0 0.018028846153846152 0.296875 0.036057692307692304 0.04567307692307692
0 0.6838942307692307 0.04567307692307692 0.05048076923076923 0.04326923076923077
0 0.8377403846153846 0.6598557692307693 0.055288461538461536 0.04326923076923077
0 0.7596153846153846 0.10216346153846154 0.05048076923076923 0.04807692307692308
0 0.9134615384615384 0.7163461538461539 0.05048076923076923 0.04807692307692308
0 0.9110576923076923 0.3918269230769231 0.05048076923076923 0.04567307692307692