1 0.009615384615384616 0.23798076923076922 0.019230769230769232 0.04326923076923077
1 0.015625 0.36177884615384615 0.03125 0.040865384615384616
0 0.28125 0.24879807692307693 0.04326923076923077 0.038461538461538464
0 0.28966346153846156 0.3317307692307692 0.04567307692307692 0.038461538461538464
1 0.3389423076923077 0.328125 0.040865384615384616 0.038461538461538464
1 0.33052884615384615 0.2439903846153846 0.04567307692307692 0.038461538461538464
0 0.5036057692307693 0.4098557692307692 0.04807692307692308 0.04326923076923077
0 0.5637019230769231 0.39783653846153844 0.04567307692307692 0.038461538461538464
1 0.5528846153846154 0.29447115384615385 0.04326923076923077 0.038461538461538464
1 0.6322115384615384 0.0889423076923077 0.04567307692307692 0.038461538461538464
1 0.6995192307692307 0.7199519230769231 0.04326923076923077 0.038461538461538464
0 0.054086538461538464 0.3557692307692308 0.04567307692307692 0.038461538461538464
0 0.6887019230769231 0.08173076923076923 0.04567307692307692 0.038461538461538464
1 0.6971153846153846 0.15504807692307693 0.04567307692307692 0.038461538461538464
0 0.7560096153846154 0.7127403846153846 0.04567307692307692 0.04326923076923077
1 0.7632211538461539 0.7848557692307693 0.04567307692307692 0.04326923076923077
0 0.04326923076923077 0.22956730769230768 0.04326923076923077 0.038461538461538464
0 0.7451923076923077 0.07572115384615384 0.04567307692307692 0.038461538461538464
0 0.8125 0.7055288461538461 0.05048076923076923 0.038461538461538464
0 0.8125 0.14182692307692307 0.04807692307692308 0.04326923076923077
0 0.8786057692307693 0.7716346153846154 0.04807692307692308 0.04326923076923077
0 0.9230769230769231 0.4495192307692308 0.04567307692307692 0.040865384615384616