1 0.9711538461538461 0.4543269230769231 0.05048076923076923 0.040865384615384616
1 0.9723557692307693 0.41225961538461536 0.05048076923076923 0.040865384615384616
0 0.5673076923076923 0.109375 0.06490384615384616 0.052884615384615384
0 0.5108173076923077 0.14543269230769232 0.055288461538461536 0.04326923076923077
0 0.48197115384615385 0.27163461538461536 0.052884615384615384 0.052884615384615384
0 0.4266826923076923 0.16947115384615385 0.055288461538461536 0.04807692307692308
1 0.3605769230769231 0.07572115384615384 0.055288461538461536 0.040865384615384616
0 0.35697115384615385 0.16706730769230768 0.052884615384615384 0.040865384615384616
1 0.30528846153846156 0.07211538461538461 0.05048076923076923 0.04326923076923077
0 0.9194711538461539 0.6959134615384616 0.052884615384615384 0.04807692307692308
0 0.9134615384615384 0.45072115384615385 0.05048076923076923 0.040865384615384616
0 0.9146634615384616 0.4098557692307692 0.05048076923076923 0.04326923076923077
0 0.8954326923076923 0.8449519230769231 0.055288461538461536 0.04567307692307692
0 0.9050480769230769 0.054086538461538464 0.055288461538461536 0.04567307692307692