1 0.028846153846153848 0.5360576923076923 0.055288461538461536 0.04807692307692308
1 0.02403846153846154 0.4963942307692308 0.04807692307692308 0.05048076923076923
0 0.36538461538461536 0.12740384615384615 0.07211538461538461 0.0625
0 0.42788461538461536 0.15264423076923078 0.06009615384615385 0.05048076923076923
0 0.47836538461538464 0.27283653846153844 0.06009615384615385 0.06009615384615385
0 0.515625 0.16105769230769232 0.06009615384615385 0.055288461538461536
1 0.5637019230769231 0.057692307692307696 0.06009615384615385 0.04807692307692308
0 0.5829326923076923 0.1466346153846154 0.057692307692307696 0.04807692307692308
1 0.6165865384615384 0.04447115384615385 0.055288461538461536 0.05048076923076923
0 0.12139423076923077 0.765625 0.057692307692307696 0.055288461538461536
0 0.08413461538461539 0.5228365384615384 0.055288461538461536 0.04807692307692308
0 0.07572115384615384 0.4831730769230769 0.055288461538461536 0.05048076923076923
0 0.17067307692307693 0.9074519230769231 0.06009615384615385 0.052884615384615384
0 0.027644230769230768 0.1310096153846154 0.055288461538461536 0.055288461538461536