1 0.9483173076923077 0.34975961538461536 0.055288461538461536 0.04807692307692308
1 0.9399038461538461 0.3076923076923077 0.055288461538461536 0.04807692307692308
0 0.47836538461538464 0.10336538461538461 0.07211538461538461 0.0625
0 0.43149038461538464 0.15264423076923078 0.06009615384615385 0.05048076923076923
0 0.43028846153846156 0.2824519230769231 0.06009615384615385 0.06009615384615385
0 0.35336538461538464 0.19471153846153846 0.06009615384615385 0.055288461538461536
1 0.2692307692307692 0.11778846153846154 0.06009615384615385 0.04807692307692308
0 0.2848557692307692 0.20793269230769232 0.057692307692307696 0.04807692307692308
1 0.21394230769230768 0.12740384615384615 0.055288461538461536 0.05048076923076923
0 0.9519230769230769 0.5973557692307693 0.057692307692307696 0.055288461538461536
0 0.8918269230769231 0.359375 0.055288461538461536 0.04807692307692308
0 0.8834134615384616 0.31850961538461536 0.055288461538461536 0.05048076923076923
0 0.9627403846153846 0.7463942307692307 0.06009615384615385 0.052884615384615384