0 0.21875 0.7668269230769231 0.08413461538461539 0.052884615384615384
0 0.32091346153846156 0.038461538461538464 0.08413461538461539 0.052884615384615384
0 0.27283653846153844 0.38822115384615385 0.07932692307692307 0.052884615384615384
0 0.28846153846153844 0.7944711538461539 0.07932692307692307 0.052884615384615384
0 0.34375 0.41947115384615385 0.07932692307692307 0.05048076923076923
0 0.3954326923076923 0.0673076923076923 0.07932692307692307 0.04807692307692308
0 0.40625 0.19110576923076922 0.07932692307692307 0.05048076923076923
0 0.30528846153846156 0.9182692307692307 0.07692307692307693 0.052884615384615384
0 0.359375 0.5384615384615384 0.08173076923076923 0.052884615384615384
0 0.4495192307692308 0.4579326923076923 0.07451923076923077 0.05048076923076923
0 0.39783653846153844 0.8365384615384616 0.07692307692307693 0.052884615384615384
0 0.5024038461538461 0.10697115384615384 0.07451923076923077 0.05048076923076923
0 0.49038461538461536 0.8509615384615384 0.07451923076923077 0.05048076923076923
1 0.5024038461538461 0.7680288461538461 0.07932692307692307 0.04807692307692308
1 0.6057692307692307 0.04326923076923077 0.07211538461538461 0.04807692307692308
1 0.5576923076923077 0.3918269230769231 0.07451923076923077 0.04807692307692308
0 0.546875 0.4735576923076923 0.07692307692307693 0.05048076923076923
0 0.5961538461538461 0.12259615384615384 0.07211538461538461 0.04807692307692308
1 0.5769230769230769 0.7740384615384616 0.07451923076923077 0.052884615384615384
1 0.6310096153846154 0.3954326923076923 0.07692307692307693 0.05048076923076923
1 0.6802884615384616 0.04567307692307692 0.07211538461538461 0.04807692307692308
1 0.8209134615384616 0.5925480769230769 0.07211538461538461 0.04807692307692308