0 0.7572115384615384 0.21033653846153846 0.08173076923076923 0.04807692307692308
0 0.71875 0.9447115384615384 0.08173076923076923 0.04807692307692308
0 0.7355769230769231 0.5913461538461539 0.07692307692307693 0.04807692307692308
0 0.6850961538461539 0.18870192307692307 0.07692307692307693 0.04807692307692308
0 0.6622596153846154 0.5661057692307693 0.07692307692307693 0.04567307692307692
0 0.6418269230769231 0.921875 0.07692307692307693 0.04567307692307692
0 0.6201923076923077 0.8004807692307693 0.07692307692307693 0.04567307692307692
0 0.6574519230769231 0.06610576923076923 0.07451923076923077 0.04807692307692308
0 0.6358173076923077 0.4495192307692308 0.07932692307692307 0.04807692307692308
0 0.5528846153846154 0.5372596153846154 0.07211538461538461 0.04326923076923077
0 0.5721153846153846 0.15625 0.07451923076923077 0.04807692307692308
0 0.5324519230769231 0.8918269230769231 0.07211538461538461 0.04326923076923077
0 0.47836538461538464 0.1502403846153846 0.07211538461538461 0.04326923076923077
1 0.47475961538461536 0.23317307692307693 0.07692307692307693 0.04326923076923077
1 0.43509615384615385 0.9651442307692307 0.06971153846153846 0.04326923076923077
1 0.4519230769230769 0.6129807692307693 0.07211538461538461 0.040865384615384616
0 0.45552884615384615 0.5300480769230769 0.07451923076923077 0.04567307692307692
0 0.4362980769230769 0.8846153846153846 0.06971153846153846 0.040865384615384616
1 0.39903846153846156 0.23317307692307693 0.07211538461538461 0.04567307692307692
1 0.3786057692307692 0.6153846153846154 0.07451923076923077 0.04567307692307692
1 0.359375 0.9675480769230769 0.06971153846153846 0.040865384615384616
1 0.171875 0.4362980769230769 0.06971153846153846 0.040865384615384616