0 0.24759615384615385 0.20552884615384615 0.08173076923076923 0.04567307692307692
0 0.27403846153846156 0.9411057692307693 0.08173076923076923 0.04567307692307692
0 0.2620192307692308 0.5877403846153846 0.07692307692307693 0.04567307692307692
0 0.32091346153846156 0.18509615384615385 0.07692307692307693 0.04567307692307692
0 0.33653846153846156 0.5637019230769231 0.07692307692307693 0.04326923076923077
0 0.35096153846153844 0.9194711538461539 0.07692307692307693 0.04326923076923077
0 0.375 0.7980769230769231 0.07692307692307693 0.04326923076923077
0 0.34975961538461536 0.06370192307692307 0.07451923076923077 0.04567307692307692
0 0.3641826923076923 0.44711538461538464 0.07932692307692307 0.04567307692307692
0 0.44591346153846156 0.5372596153846154 0.07211538461538461 0.04326923076923077
0 0.4338942307692308 0.15504807692307693 0.07451923076923077 0.04567307692307692
0 0.46033653846153844 0.890625 0.07211538461538461 0.04326923076923077
0 0.5276442307692307 0.1502403846153846 0.07211538461538461 0.04326923076923077
1 0.5300480769230769 0.23317307692307693 0.07692307692307693 0.040865384615384616
1 0.5576923076923077 0.9663461538461539 0.06971153846153846 0.04326923076923077
1 0.5456730769230769 0.6141826923076923 0.07211538461538461 0.040865384615384616
0 0.5444711538461539 0.53125 0.07451923076923077 0.04326923076923077
0 0.5564903846153846 0.8858173076923077 0.06971153846153846 0.040865384615384616
1 0.6045673076923077 0.23557692307692307 0.07211538461538461 0.04567307692307692
1 0.6189903846153846 0.6177884615384616 0.07451923076923077 0.04326923076923077
1 0.6322115384615384 0.9699519230769231 0.06971153846153846 0.040865384615384616
1 0.828125 0.4411057692307692 0.06971153846153846 0.040865384615384616