0 0.8737980769230769 0.09134615384615384 0.0625 0.07932692307692307
0 0.7548076923076923 0.12740384615384615 0.06009615384615385 0.07692307692307693
0 0.6682692307692307 0.17427884615384615 0.07692307692307693 0.08413461538461539
0 0.17427884615384615 0.29927884615384615 0.0625 0.08173076923076923
0 0.08533653846153846 0.33533653846153844 0.0625 0.07692307692307693
0 0.359375 0.28846153846153844 0.06490384615384616 0.08413461538461539
0 0.8545673076923077 0.17668269230769232 0.0625 0.08173076923076923
0 0.4254807692307692 0.28125 0.057692307692307696 0.07451923076923077
0 0.44471153846153844 0.36658653846153844 0.057692307692307696 0.07692307692307693
0 0.1502403846153846 0.7079326923076923 0.06490384615384616 0.08653846153846154
0 0.27403846153846156 0.7932692307692307 0.06490384615384616 0.08653846153846154
0 0.15985576923076922 0.8233173076923077 0.0625 0.08173076923076923
0 0.3425480769230769 0.7836538461538461 0.0625 0.07932692307692307
0 0.5396634615384616 0.7752403846153846 0.0625 0.07692307692307693
0 0.6081730769230769 0.7608173076923077 0.0625 0.08173076923076923