0 0.039663461538461536 0.19471153846153846 0.05048076923076923 0.06971153846153846
0 0.16346153846153846 0.20072115384615385 0.04567307692307692 0.0673076923076923
0 0.25841346153846156 0.22355769230769232 0.06490384615384616 0.07211538461538461
0 0.7668269230769231 0.22596153846153846 0.05048076923076923 0.07211538461538461
0 0.8617788461538461 0.2403846153846154 0.04807692307692308 0.0673076923076923
0 0.5853365384615384 0.2608173076923077 0.052884615384615384 0.07451923076923077
0 0.078125 0.27163461538461536 0.05048076923076923 0.07211538461538461
0 0.5204326923076923 0.2704326923076923 0.04326923076923077 0.0673076923076923
0 0.5216346153846154 0.35697115384615385 0.04567307692307692 0.06971153846153846
0 0.8894230769230769 0.6165865384615384 0.05048076923076923 0.07692307692307693
0 0.7896634615384616 0.7295673076923077 0.05048076923076923 0.07692307692307693
0 0.9074519230769231 0.7319711538461539 0.05048076923076923 0.07211538461538461
0 0.7211538461538461 0.7367788461538461 0.05048076923076923 0.06971153846153846
0 0.5276442307692307 0.7776442307692307 0.04807692307692308 0.0673076923076923
0 0.4579326923076923 0.7800480769230769 0.05048076923076923 0.07211538461538461