0 0.13341346153846154 0.08533653846153846 0.0625 0.07932692307692307
0 0.25240384615384615 0.12379807692307693 0.06009615384615385 0.07692307692307693
0 0.33774038461538464 0.17067307692307693 0.07692307692307693 0.08413461538461539
0 0.828125 0.30408653846153844 0.06490384615384616 0.08173076923076923
0 0.9170673076923077 0.3425480769230769 0.0625 0.07692307692307693
0 0.6442307692307693 0.29086538461538464 0.0673076923076923 0.08413461538461539
0 0.15144230769230768 0.17067307692307693 0.06490384615384616 0.08173076923076923
0 0.5793269230769231 0.28365384615384615 0.057692307692307696 0.07692307692307693
0 0.5576923076923077 0.36658653846153844 0.057692307692307696 0.07692307692307693
0 0.8461538461538461 0.7139423076923077 0.06490384615384616 0.08653846153846154
0 0.7211538461538461 0.796875 0.06490384615384616 0.08653846153846154
0 0.8341346153846154 0.8293269230769231 0.06490384615384616 0.08173076923076923
0 0.6526442307692307 0.7860576923076923 0.0625 0.07932692307692307
0 0.45552884615384615 0.7752403846153846 0.0625 0.07692307692307693
0 0.3870192307692308 0.7596153846153846 0.06490384615384616 0.08173076923076923