0 0.2644230769230769 0.3076923076923077 0.03365384615384615 0.028846153846153848
0 0.2536057692307692 0.2800480769230769 0.038461538461538464 0.028846153846153848
0 0.24519230769230768 0.25240384615384615 0.03365384615384615 0.028846153846153848
0 0.22956730769230768 0.3016826923076923 0.03365384615384615 0.028846153846153848
0 0.21754807692307693 0.328125 0.036057692307692304 0.028846153846153848
0 0.23918269230769232 0.20192307692307693 0.03365384615384615 0.03125
0 0.21033653846153846 0.24639423076923078 0.03365384615384615 0.028846153846153848
0 0.18509615384615385 0.3076923076923077 0.036057692307692304 0.028846153846153848
0 0.20072115384615385 0.19471153846153846 0.03365384615384615 0.03125
0 0.17668269230769232 0.2403846153846154 0.03365384615384615 0.028846153846153848
0 0.1502403846153846 0.31850961538461536 0.036057692307692304 0.028846153846153848
0 0.7259615384615384 0.3894230769230769 0.036057692307692304 0.03125
0 0.7139423076923077 0.359375 0.036057692307692304 0.03125
0 0.7067307692307693 0.3317307692307692 0.038461538461538464 0.03125
0 0.6911057692307693 0.38100961538461536 0.03365384615384615 0.028846153846153848
0 0.6802884615384616 0.40625 0.040865384615384616 0.028846153846153848
0 0.6995192307692307 0.2800480769230769 0.03365384615384615 0.03125
0 0.6706730769230769 0.32572115384615385 0.03365384615384615 0.028846153846153848
0 0.6454326923076923 0.3870192307692308 0.03365384615384615 0.028846153846153848
0 0.6598557692307693 0.27283653846153844 0.03365384615384615 0.03365384615384615
0 0.6358173076923077 0.31850961538461536 0.03365384615384615 0.028846153846153848
0 0.6081730769230769 0.39663461538461536 0.036057692307692304 0.028846153846153848
0 0.46153846153846156 0.8641826923076923 0.036057692307692304 0.028846153846153848
0 0.4567307692307692 0.8882211538461539 0.038461538461538464 0.028846153846153848