0 0.22235576923076922 0.3762019230769231 0.03125 0.026442307692307692
0 0.20432692307692307 0.35096153846153844 0.036057692307692304 0.026442307692307692
0 0.18870192307692307 0.3269230769230769 0.03125 0.026442307692307692
0 0.1875 0.3786057692307692 0.03125 0.026442307692307692
0 0.18269230769230768 0.4074519230769231 0.03365384615384615 0.026442307692307692
0 0.17067307692307693 0.27884615384615385 0.03125 0.028846153846153848
0 0.15504807692307693 0.33052884615384615 0.03125 0.026442307692307692
0 0.14543269230769232 0.3954326923076923 0.03365384615384615 0.026442307692307692
0 0.13221153846153846 0.2824519230769231 0.03125 0.028846153846153848
0 0.12139423076923077 0.3329326923076923 0.03125 0.026442307692307692
0 0.11538461538461539 0.41586538461538464 0.03365384615384615 0.026442307692307692
0 0.6899038461538461 0.33533653846153844 0.03365384615384615 0.028846153846153848
0 0.6706730769230769 0.3088942307692308 0.03365384615384615 0.028846153846153848
0 0.65625 0.28365384615384615 0.036057692307692304 0.028846153846153848
0 0.6538461538461539 0.33533653846153844 0.03125 0.026442307692307692
0 0.6502403846153846 0.3629807692307692 0.038461538461538464 0.026442307692307692
0 0.6358173076923077 0.23557692307692307 0.03125 0.028846153846153848
0 0.6201923076923077 0.28725961538461536 0.03125 0.026442307692307692
0 0.6117788461538461 0.35216346153846156 0.03125 0.026442307692307692
0 0.5949519230769231 0.23918269230769232 0.03125 0.03125
0 0.5841346153846154 0.28966346153846156 0.03125 0.026442307692307692
0 0.578125 0.37259615384615385 0.03365384615384615 0.026442307692307692
0 0.5564903846153846 0.8617788461538461 0.03365384615384615 0.026442307692307692
0 0.5588942307692307 0.8858173076923077 0.036057692307692304 0.026442307692307692