0 0.2704326923076923 0.3004807692307692 0.03365384615384615 0.028846153846153848
0 0.2608173076923077 0.27163461538461536 0.038461538461538464 0.03125
0 0.2536057692307692 0.2439903846153846 0.03365384615384615 0.028846153846153848
0 0.23677884615384615 0.2932692307692308 0.03365384615384615 0.028846153846153848
0 0.22355769230769232 0.31850961538461536 0.036057692307692304 0.028846153846153848
0 0.25 0.19230769230769232 0.03365384615384615 0.03125
0 0.21995192307692307 0.23677884615384615 0.03365384615384615 0.028846153846153848
0 0.19230769230769232 0.296875 0.036057692307692304 0.028846153846153848
0 0.21153846153846154 0.18389423076923078 0.03365384615384615 0.03125
0 0.18629807692307693 0.22956730769230768 0.03365384615384615 0.028846153846153848
0 0.15625 0.30649038461538464 0.036057692307692304 0.028846153846153848
0 0.7295673076923077 0.39783653846153844 0.036057692307692304 0.03125
0 0.71875 0.36658653846153844 0.036057692307692304 0.03125
0 0.7127403846153846 0.3389423076923077 0.038461538461538464 0.03365384615384615
0 0.6947115384615384 0.38822115384615385 0.03365384615384615 0.028846153846153848
0 0.6826923076923077 0.41225961538461536 0.040865384615384616 0.03125
0 0.7079326923076923 0.28725961538461536 0.03365384615384615 0.03125
0 0.6766826923076923 0.3317307692307692 0.03365384615384615 0.028846153846153848
0 0.6490384615384616 0.3918269230769231 0.03365384615384615 0.028846153846153848
0 0.6670673076923077 0.27884615384615385 0.03365384615384615 0.03365384615384615
0 0.6418269230769231 0.3233173076923077 0.03365384615384615 0.028846153846153848
0 0.6117788461538461 0.4014423076923077 0.036057692307692304 0.028846153846153848
0 0.4483173076923077 0.8629807692307693 0.036057692307692304 0.028846153846153848
0 0.44350961538461536 0.8858173076923077 0.038461538461538464 0.03125