0 0.5096153846153846 0.20192307692307693 0.05048076923076923 0.055288461538461536
0 0.47596153846153844 0.41466346153846156 0.052884615384615384 0.05048076923076923
1 0.4639423076923077 0.5 0.055288461538461536 0.055288461538461536
1 0.5 0.28846153846153844 0.055288461538461536 0.055288461538461536
0 0.5216346153846154 0.4206730769230769 0.05048076923076923 0.055288461538461536
0 0.5540865384615384 0.21033653846153846 0.055288461538461536 0.055288461538461536
0 0.5721153846153846 0.5048076923076923 0.055288461538461536 0.05048076923076923
0 0.6057692307692307 0.296875 0.057692307692307696 0.055288461538461536
0 0.6478365384615384 0.4423076923076923 0.055288461538461536 0.05048076923076923
0 0.6826923076923077 0.23076923076923078 0.055288461538461536 0.05048076923076923
1 0.7704326923076923 0.28725961538461536 0.055288461538461536 0.055288461538461536
1 0.8052884615384616 0.07451923076923077 0.052884615384615384 0.055288461538461536