0 0.6033653846153846 0.21995192307692307 0.052884615384615384 0.057692307692307696
0 0.5540865384615384 0.43028846153846156 0.055288461538461536 0.052884615384615384
1 0.5336538461538461 0.5144230769230769 0.057692307692307696 0.057692307692307696
1 0.5793269230769231 0.30408653846153844 0.057692307692307696 0.057692307692307696
0 0.5096153846153846 0.4182692307692308 0.052884615384615384 0.057692307692307696
0 0.5576923076923077 0.21153846153846154 0.057692307692307696 0.057692307692307696
0 0.43149038461538464 0.47836538461538464 0.057692307692307696 0.052884615384615384
0 0.47836538461538464 0.27163461538461536 0.06009615384615385 0.057692307692307696
0 0.38461538461538464 0.390625 0.057692307692307696 0.052884615384615384
0 0.43149038461538464 0.1814903846153846 0.057692307692307696 0.052884615384615384
1 0.328125 0.20192307692307693 0.057692307692307696 0.057692307692307696
1 0.37740384615384615 0.010817307692307692 0.057692307692307696 0.021634615384615384