0 0.6081730769230769 0.22235576923076922 0.052884615384615384 0.057692307692307696
0 0.5552884615384616 0.43028846153846156 0.055288461538461536 0.052884615384615384
1 0.5336538461538461 0.5144230769230769 0.057692307692307696 0.057692307692307696
1 0.5829326923076923 0.30528846153846156 0.057692307692307696 0.057692307692307696
0 0.5120192307692307 0.4182692307692308 0.052884615384615384 0.057692307692307696
0 0.5625 0.2127403846153846 0.057692307692307696 0.057692307692307696
0 0.43149038461538464 0.47716346153846156 0.057692307692307696 0.052884615384615384
0 0.4831730769230769 0.27163461538461536 0.06009615384615385 0.057692307692307696
0 0.3870192307692308 0.38822115384615385 0.057692307692307696 0.052884615384615384
0 0.4375 0.18028846153846154 0.057692307692307696 0.052884615384615384
1 0.33413461538461536 0.19831730769230768 0.057692307692307696 0.057692307692307696
1 0.38461538461538464 0.009615384615384616 0.057692307692307696 0.019230769230769232