1 0.10697115384615384 0.6117788461538461 0.057692307692307696 0.05048076923076923
0 0.17067307692307693 0.7944711538461539 0.055288461538461536 0.04807692307692308
1 0.23798076923076922 0.38221153846153844 0.057692307692307696 0.04807692307692308
0 0.15384615384615385 0.9074519230769231 0.052884615384615384 0.04807692307692308
1 0.19951923076923078 0.6262019230769231 0.052884615384615384 0.04567307692307692
1 0.18870192307692307 0.7007211538461539 0.052884615384615384 0.04807692307692308
1 0.328125 0.3954326923076923 0.055288461538461536 0.05048076923076923
1 0.3173076923076923 0.4735576923076923 0.057692307692307696 0.052884615384615384
1 0.41947115384615385 0.4098557692307692 0.055288461538461536 0.05048076923076923
1 0.6538461538461539 0.9795673076923077 0.057692307692307696 0.036057692307692304
0 0.6646634615384616 0.9122596153846154 0.055288461538461536 0.04567307692307692
1 0.7259615384615384 0.5324519230769231 0.06490384615384616 0.057692307692307696
0 0.7139423076923077 0.6105769230769231 0.055288461538461536 0.04807692307692308
1 0.8365384615384616 0.4014423076923077 0.06009615384615385 0.055288461538461536
0 0.9471153846153846 0.3004807692307692 0.055288461538461536 0.05048076923076923
0 0.9290865384615384 0.41346153846153844 0.052884615384615384 0.04807692307692308
1 0.90625 0.5649038461538461 0.06490384615384616 0.052884615384615384
0 0.8942307692307693 0.6394230769230769 0.055288461538461536 0.04807692307692308
0 0.8918269230769231 0.9483173076923077 0.055288461538461536 0.04567307692307692
1 0.05889423076923077 0.8930288461538461 0.06490384615384616 0.052884615384615384