1 0.10216346153846154 0.40865384615384615 0.057692307692307696 0.052884615384615384
0 0.15625 0.22235576923076922 0.057692307692307696 0.05048076923076923
1 0.2439903846153846 0.6322115384615384 0.06009615384615385 0.05048076923076923
0 0.13341346153846154 0.11057692307692307 0.055288461538461536 0.05048076923076923
1 0.1935096153846154 0.3894230769230769 0.055288461538461536 0.04807692307692308
1 0.1778846153846154 0.31490384615384615 0.055288461538461536 0.04807692307692308
1 0.33413461538461536 0.6141826923076923 0.055288461538461536 0.052884615384615384
1 0.31850961538461536 0.5360576923076923 0.057692307692307696 0.055288461538461536
1 0.42427884615384615 0.5949519230769231 0.055288461538461536 0.052884615384615384
1 0.6274038461538461 0.016826923076923076 0.057692307692307696 0.03365384615384615
0 0.6430288461538461 0.08052884615384616 0.057692307692307696 0.04807692307692308
1 0.7235576923076923 0.45552884615384615 0.0673076923076923 0.06009615384615385
0 0.7079326923076923 0.3786057692307692 0.057692307692307696 0.05048076923076923
1 0.8413461538461539 0.5805288461538461 0.0625 0.057692307692307696
0 0.9567307692307693 0.6754807692307693 0.055288461538461536 0.052884615384615384
0 0.9326923076923077 0.5637019230769231 0.055288461538461536 0.05048076923076923
1 0.9026442307692307 0.41466346153846156 0.06490384615384616 0.055288461538461536
0 0.8858173076923077 0.3401442307692308 0.057692307692307696 0.05048076923076923
0 0.8677884615384616 0.03245192307692308 0.057692307692307696 0.04807692307692308
1 0.039663461538461536 0.1310096153846154 0.06490384615384616 0.055288461538461536