1 0.11658653846153846 0.3605769230769231 0.052884615384615384 0.04807692307692308
0 0.19230769230769232 0.18269230769230768 0.052884615384615384 0.04567307692307692
1 0.22956730769230768 0.5997596153846154 0.055288461538461536 0.04567307692307692
0 0.18389423076923078 0.06971153846153846 0.05048076923076923 0.04567307692307692
1 0.2091346153846154 0.35336538461538464 0.05048076923076923 0.04326923076923077
1 0.203125 0.2776442307692308 0.05048076923076923 0.04326923076923077
1 0.32091346153846156 0.5925480769230769 0.05048076923076923 0.04807692307692308
1 0.31490384615384615 0.5132211538461539 0.055288461538461536 0.05048076923076923
1 0.41346153846153844 0.5853365384615384 0.05048076923076923 0.04807692307692308
1 0.6862980769230769 0.02403846153846154 0.05048076923076923 0.04807692307692308
0 0.6935096153846154 0.10096153846153846 0.052884615384615384 0.04326923076923077
1 0.7283653846153846 0.4831730769230769 0.0625 0.052884615384615384
0 0.7211538461538461 0.4050480769230769 0.052884615384615384 0.04567307692307692
1 0.8293269230769231 0.6225961538461539 0.057692307692307696 0.052884615384615384
0 0.9314903846153846 0.7295673076923077 0.05048076923076923 0.04807692307692308
0 0.921875 0.6165865384615384 0.05048076923076923 0.04567307692307692
1 0.9098557692307693 0.4639423076923077 0.06009615384615385 0.04807692307692308
0 0.9026442307692307 0.38822115384615385 0.052884615384615384 0.04567307692307692
1 0.9146634615384616 0.014423076923076924 0.055288461538461536 0.028846153846153848
0 0.921875 0.08052884615384616 0.052884615384615384 0.04326923076923077
1 0.08774038461538461 0.078125 0.06009615384615385 0.04807692307692308