0 0.5240384615384616 0.6935096153846154 0.05048076923076923 0.0625
0 0.515625 0.7932692307692307 0.04567307692307692 0.0625
0 0.8173076923076923 0.9026442307692307 0.04567307692307692 0.06009615384615385
1 0.7271634615384616 0.9098557692307693 0.05048076923076923 0.06490384615384616
0 0.6838942307692307 0.1778846153846154 0.055288461538461536 0.0673076923076923
0 0.49038461538461536 0.18389423076923078 0.055288461538461536 0.0625
1 0.5805288461538461 0.38100961538461536 0.05048076923076923 0.055288461538461536
1 0.49158653846153844 0.4543269230769231 0.04807692307692308 0.055288461538461536
0 0.5745192307692307 0.5432692307692307 0.04807692307692308 0.052884615384615384
0 0.48677884615384615 0.5480769230769231 0.04807692307692308 0.055288461538461536
0 0.7728365384615384 0.5432692307692307 0.06971153846153846 0.06971153846153846
0 0.8461538461538461 0.5612980769230769 0.04567307692307692 0.06009615384615385