0 0.30528846153846156 0.5072115384615384 0.06490384615384616 0.055288461538461536
0 0.20793269230769232 0.53125 0.06490384615384616 0.05048076923076923
0 0.052884615384615384 0.25 0.0625 0.05048076923076923
1 0.06009615384615385 0.3401442307692308 0.0673076923076923 0.055288461538461536
0 0.7896634615384616 0.26802884615384615 0.06971153846153846 0.06009615384615385
0 0.8137019230769231 0.46033653846153844 0.06490384615384616 0.06009615384615385
1 0.6057692307692307 0.4026442307692308 0.057692307692307696 0.055288461538461536
1 0.5456730769230769 0.5012019230769231 0.057692307692307696 0.052884615384615384
0 0.44591346153846156 0.4326923076923077 0.055288461538461536 0.05048076923076923
0 0.4543269230769231 0.5204326923076923 0.057692307692307696 0.052884615384615384
0 0.41466346153846156 0.23677884615384615 0.07451923076923077 0.07451923076923077
0 0.3858173076923077 0.16826923076923078 0.0625 0.05048076923076923