0 0.5036057692307693 0.6959134615384616 0.052884615384615384 0.0625
0 0.484375 0.7932692307692307 0.04807692307692308 0.0625
0 0.7728365384615384 0.9338942307692307 0.04807692307692308 0.06009615384615385
1 0.6826923076923077 0.9314903846153846 0.052884615384615384 0.06490384615384616
0 0.7163461538461539 0.19831730769230768 0.057692307692307696 0.0673076923076923
0 0.5228365384615384 0.18509615384615385 0.057692307692307696 0.0625
1 0.5925480769230769 0.3894230769230769 0.05048076923076923 0.055288461538461536
1 0.4963942307692308 0.4543269230769231 0.04807692307692308 0.055288461538461536
0 0.5697115384615384 0.5504807692307693 0.04807692307692308 0.052884615384615384
0 0.48197115384615385 0.546875 0.04807692307692308 0.055288461538461536
0 0.7668269230769231 0.5721153846153846 0.07211538461538461 0.07211538461538461
0 0.8377403846153846 0.5973557692307693 0.04807692307692308 0.06009615384615385