0 0.28846153846153844 0.2091346153846154 0.06971153846153846 0.040865384615384616
0 0.11538461538461539 0.5240384615384616 0.0625 0.04326923076923077
0 0.8028846153846154 0.19230769230769232 0.057692307692307696 0.03365384615384615
0 0.8016826923076923 0.34134615384615385 0.0673076923076923 0.038461538461538464
0 0.6959134615384616 0.4387019230769231 0.0673076923076923 0.04326923076923077
0 0.6742788461538461 0.4951923076923077 0.057692307692307696 0.038461538461538464
1 0.6069711538461539 0.04807692307692308 0.052884615384615384 0.038461538461538464
1 0.5408653846153846 0.11538461538461539 0.055288461538461536 0.036057692307692304
0 0.4651442307692308 0.7451923076923077 0.055288461538461536 0.03365384615384615
0 0.44711538461538464 0.12860576923076922 0.04807692307692308 0.03365384615384615
0 0.4423076923076923 0.05889423076923077 0.055288461538461536 0.038461538461538464