0 0.7788461538461539 0.7271634615384616 0.04326923076923077 0.07211538461538461
0 0.4567307692307692 0.8822115384615384 0.04807692307692308 0.06490384615384616
0 0.8233173076923077 0.21394230769230768 0.038461538461538464 0.06009615384615385
0 0.6742788461538461 0.20793269230769232 0.04326923076923077 0.06971153846153846
0 0.5709134615384616 0.3076923076923077 0.04807692307692308 0.06971153846153846
0 0.5132211538461539 0.32572115384615385 0.04326923076923077 0.06009615384615385
1 0.9567307692307693 0.41586538461538464 0.040865384615384616 0.055288461538461536
1 0.8858173076923077 0.47836538461538464 0.040865384615384616 0.057692307692307696
0 0.2536057692307692 0.5228365384615384 0.038461538461538464 0.057692307692307696
0 0.8689903846153846 0.5733173076923077 0.036057692307692304 0.05048076923076923
0 0.9375 0.5817307692307693 0.04326923076923077 0.057692307692307696