0 0.7019230769230769 0.20192307692307693 0.06971153846153846 0.040865384615384616
0 0.8846153846153846 0.5096153846153846 0.0625 0.04326923076923077
0 0.1875 0.203125 0.057692307692307696 0.03365384615384615
0 0.1935096153846154 0.35096153846153844 0.0673076923076923 0.038461538461538464
0 0.3016826923076923 0.44591346153846156 0.0673076923076923 0.04326923076923077
0 0.32572115384615385 0.5024038461538461 0.057692307692307696 0.038461538461538464
1 0.3762019230769231 0.052884615384615384 0.052884615384615384 0.038461538461538464
1 0.44471153846153844 0.11778846153846154 0.055288461538461536 0.036057692307692304
0 0.5444711538461539 0.7427884615384616 0.055288461538461536 0.03365384615384615
0 0.5408653846153846 0.12620192307692307 0.04807692307692308 0.03365384615384615
0 0.5432692307692307 0.056490384615384616 0.055288461538461536 0.038461538461538464