0 0.5528846153846154 0.4074519230769231 0.07692307692307693 0.04807692307692308
1 0.5697115384615384 0.2860576923076923 0.07692307692307693 0.05048076923076923
1 0.5757211538461539 0.22716346153846154 0.07692307692307693 0.052884615384615384
1 0.5576923076923077 0.3473557692307692 0.07692307692307693 0.05048076923076923
1 0.3557692307692308 0.6322115384615384 0.08653846153846154 0.0625
0 0.2512019230769231 0.6778846153846154 0.0889423076923077 0.05048076923076923
1 0.25600961538461536 0.6129807692307693 0.07451923076923077 0.0625
1 0.06370192307692307 0.5480769230769231 0.08173076923076923 0.057692307692307696
0 0.07932692307692307 0.4254807692307692 0.07211538461538461 0.04807692307692308
1 0.06850961538461539 0.484375 0.07211538461538461 0.05048076923076923
0 0.8137019230769231 0.203125 0.07211538461538461 0.04807692307692308
1 0.8185096153846154 0.14182692307692307 0.07211538461538461 0.04807692307692308