0 0.5444711538461539 0.5961538461538461 0.07451923076923077 0.04326923076923077
1 0.5516826923076923 0.71875 0.07451923076923077 0.04567307692307692
1 0.5516826923076923 0.7788461538461539 0.07451923076923077 0.04807692307692308
1 0.5444711538461539 0.65625 0.07451923076923077 0.04567307692307692
1 0.36899038461538464 0.3557692307692308 0.08173076923076923 0.057692307692307696
0 0.26802884615384615 0.3016826923076923 0.08653846153846154 0.04326923076923077
1 0.2668269230769231 0.36658653846153844 0.06971153846153846 0.055288461538461536
1 0.06971153846153846 0.41466346153846156 0.07932692307692307 0.052884615384615384
0 0.07451923076923077 0.5384615384615384 0.06971153846153846 0.040865384615384616
1 0.06971153846153846 0.47836538461538464 0.06971153846153846 0.04326923076923077
0 0.7860576923076923 0.8233173076923077 0.06971153846153846 0.04326923076923077
1 0.7860576923076923 0.8846153846153846 0.06971153846153846 0.040865384615384616