0 0.5949519230769231 0.453125 0.04326923076923077 0.07451923076923077
1 0.7175480769230769 0.44471153846153844 0.04567307692307692 0.07451923076923077
1 0.7776442307692307 0.44350961538461536 0.04807692307692308 0.07451923076923077
1 0.65625 0.453125 0.04567307692307692 0.07451923076923077
1 0.35697115384615385 0.6346153846153846 0.057692307692307696 0.08173076923076923
0 0.30528846153846156 0.7355769230769231 0.04326923076923077 0.08653846153846154
1 0.3701923076923077 0.7355769230769231 0.057692307692307696 0.06971153846153846
1 0.421875 0.9314903846153846 0.052884615384615384 0.07932692307692307
0 0.5456730769230769 0.9242788461538461 0.04326923076923077 0.06971153846153846
1 0.4855769230769231 0.9314903846153846 0.04567307692307692 0.06971153846153846
0 0.8185096153846154 0.20793269230769232 0.04326923076923077 0.06971153846153846
1 0.8798076923076923 0.20673076923076922 0.04326923076923077 0.06971153846153846