0 0.11298076923076923 0.2776442307692308 0.052884615384615384 0.07932692307692307
0 0.0673076923076923 0.2704326923076923 0.057692307692307696 0.07692307692307693
0 0.15504807692307693 0.28966346153846156 0.052884615384615384 0.07692307692307693
0 0.5757211538461539 0.6045673076923077 0.05048076923076923 0.07451923076923077
0 0.4375 0.6622596153846154 0.0625 0.0985576923076923
1 0.5492788461538461 0.6959134615384616 0.06009615384615385 0.0889423076923077
0 0.4987980769230769 0.7560096153846154 0.052884615384615384 0.07692307692307693
0 0.5252403846153846 0.8125 0.05048076923076923 0.07451923076923077
0 0.6298076923076923 0.8353365384615384 0.04807692307692308 0.07451923076923077
1 0.1971153846153846 0.0829326923076923 0.057692307692307696 0.08413461538461539
1 0.09014423076923077 0.16947115384615385 0.052884615384615384 0.07692307692307693