0 0.40865384615384615 0.9362980769230769 0.07692307692307693 0.04567307692307692
0 0.41586538461538464 0.9771634615384616 0.07692307692307693 0.040865384615384616
0 0.40625 0.8930288461538461 0.07451923076923077 0.04567307692307692
0 0.5757211538461539 0.3954326923076923 0.07211538461538461 0.04567307692307692
0 0.6742788461538461 0.5096153846153846 0.09615384615384616 0.055288461538461536
1 0.6706730769230769 0.39302884615384615 0.08653846153846154 0.05048076923076923
0 0.7439903846153846 0.421875 0.07451923076923077 0.04567307692307692
0 0.7896634615384616 0.3786057692307692 0.07211538461538461 0.04567307692307692
0 0.7776442307692307 0.27283653846153844 0.06971153846153846 0.04326923076923077
1 0.1971153846153846 0.9170673076923077 0.08173076923076923 0.05048076923076923
1 0.3125 0.9831730769230769 0.07692307692307693 0.028846153846153848