0 0.3629807692307692 0.9242788461538461 0.07211538461538461 0.038461538461538464
0 0.36538461538461536 0.9711538461538461 0.06971153846153846 0.04326923076923077
0 0.36538461538461536 0.8810096153846154 0.06971153846153846 0.038461538461538464
0 0.5865384615384616 0.40384615384615385 0.0673076923076923 0.038461538461538464
0 0.671875 0.5276442307692307 0.09134615384615384 0.04567307692307692
1 0.6814903846153846 0.4110576923076923 0.08173076923076923 0.04326923076923077
0 0.7512019230769231 0.4483173076923077 0.06971153846153846 0.038461538461538464
0 0.8004807692307693 0.4098557692307692 0.0673076923076923 0.038461538461538464
0 0.8004807692307693 0.30288461538461536 0.0673076923076923 0.036057692307692304
1 0.15504807692307693 0.8834134615384616 0.07692307692307693 0.04326923076923077
1 0.2620192307692308 0.9699519230769231 0.06971153846153846 0.038461538461538464