0 0.8509615384615384 0.34615384615384615 0.05048076923076923 0.0625
1 0.703125 0.32211538461538464 0.052884615384615384 0.06971153846153846
0 0.7608173076923077 0.35336538461538464 0.05048076923076923 0.0625
0 0.6490384615384616 0.3701923076923077 0.052884615384615384 0.06971153846153846
0 0.859375 0.4411057692307692 0.05048076923076923 0.0625
0 0.6814903846153846 0.41346153846153844 0.055288461538461536 0.0625
0 0.6129807692307693 0.6778846153846154 0.05048076923076923 0.06490384615384616
1 0.8076923076923077 0.8100961538461539 0.057692307692307696 0.07932692307692307
1 0.43149038461538464 0.7199519230769231 0.055288461538461536 0.0673076923076923
0 0.5588942307692307 0.8028846153846154 0.05048076923076923 0.06009615384615385
1 0.8581730769230769 0.8966346153846154 0.052884615384615384 0.06971153846153846
1 0.3389423076923077 0.7752403846153846 0.052884615384615384 0.06971153846153846
0 0.38100961538461536 0.8858173076923077 0.05048076923076923 0.06490384615384616
0 0.7752403846153846 0.9747596153846154 0.055288461538461536 0.04567307692307692
0 0.84375 0.9831730769230769 0.052884615384615384 0.028846153846153848
0 0.3076923076923077 0.8701923076923077 0.052884615384615384 0.06971153846153846
1 0.7211538461538461 0.24158653846153846 0.055288461538461536 0.06971153846153846