0 0.8149038461538461 0.28125 0.040865384615384616 0.057692307692307696
1 0.6646634615384616 0.28725961538461536 0.040865384615384616 0.06490384615384616
0 0.7283653846153846 0.30649038461538464 0.040865384615384616 0.057692307692307696
0 0.6213942307692307 0.34375 0.040865384615384616 0.06490384615384616
0 0.8413461538461539 0.3737980769230769 0.040865384615384616 0.057692307692307696
0 0.6610576923076923 0.38100961538461536 0.04567307692307692 0.055288461538461536
0 0.6442307692307693 0.6526442307692307 0.040865384615384616 0.06009615384615385
1 0.8617788461538461 0.7451923076923077 0.04567307692307692 0.07451923076923077
1 0.47475961538461536 0.7283653846153846 0.04567307692307692 0.06009615384615385
0 0.6165865384615384 0.7860576923076923 0.040865384615384616 0.055288461538461536
1 0.9278846153846154 0.8209134615384616 0.040865384615384616 0.06490384615384616
1 0.3942307692307692 0.8016826923076923 0.040865384615384616 0.06490384615384616
0 0.4567307692307692 0.9014423076923077 0.040865384615384616 0.06009615384615385
0 0.8617788461538461 0.9242788461538461 0.04326923076923077 0.06009615384615385
0 0.9326923076923077 0.9278846153846154 0.040865384615384616 0.06009615384615385
0 0.38100961538461536 0.9002403846153846 0.040865384615384616 0.06490384615384616
1 0.6682692307692307 0.20432692307692307 0.04326923076923077 0.06490384615384616