1 0.5480769230769231 0.35336538461538464 0.057692307692307696 0.0625
1 0.47836538461538464 0.44471153846153844 0.0625 0.0673076923076923
0 0.5805288461538461 0.5120192307692307 0.06009615384615385 0.0625
0 0.4963942307692308 0.5384615384615384 0.057692307692307696 0.0625
0 0.7704326923076923 0.46634615384615385 0.06490384615384616 0.07692307692307693
0 0.8389423076923077 0.47475961538461536 0.06009615384615385 0.0625
0 0.5637019230769231 0.6682692307692307 0.0673076923076923 0.07451923076923077
0 0.578125 0.7680288461538461 0.06009615384615385 0.07211538461538461
1 0.8004807692307693 0.8221153846153846 0.0673076923076923 0.07451923076923077
0 0.8882211538461539 0.8040865384615384 0.057692307692307696 0.07211538461538461
0 0.5985576923076923 0.14423076923076922 0.06009615384615385 0.07211538461538461
0 0.41947115384615385 0.19471153846153846 0.06971153846153846 0.08413461538461539