1 0.3737980769230769 0.4110576923076923 0.055288461538461536 0.04807692307692308
1 0.4411057692307692 0.5048076923076923 0.06009615384615385 0.05048076923076923
0 0.5348557692307693 0.4266826923076923 0.055288461538461536 0.05048076923076923
0 0.5360576923076923 0.5144230769230769 0.055288461538461536 0.04807692307692308
0 0.546875 0.23076923076923078 0.06971153846153846 0.05048076923076923
0 0.5757211538461539 0.16826923076923078 0.055288461538461536 0.05048076923076923
0 0.6790865384615384 0.4879807692307692 0.06490384615384616 0.055288461538461536
0 0.7788461538461539 0.5036057692307693 0.06490384615384616 0.04807692307692308
1 0.8966346153846154 0.30649038461538464 0.06490384615384616 0.055288461538461536
0 0.9038461538461539 0.21875 0.06490384615384616 0.04567307692307692
0 0.18870192307692307 0.3016826923076923 0.06490384615384616 0.04807692307692308
0 0.18389423076923078 0.4879807692307692 0.07451923076923077 0.055288461538461536