1 0.9098557692307693 0.4326923076923077 0.052884615384615384 0.07932692307692307
0 0.27163461538461536 0.40384615384615385 0.052884615384615384 0.07932692307692307
0 0.8978365384615384 0.12139423076923077 0.057692307692307696 0.08413461538461539
0 0.8762019230769231 0.5408653846153846 0.05048076923076923 0.0673076923076923
0 0.9447115384615384 0.5612980769230769 0.057692307692307696 0.07932692307692307
0 0.7463942307692307 0.09134615384615384 0.057692307692307696 0.08413461538461539
0 0.7620192307692307 0.6995192307692307 0.052884615384615384 0.08413461538461539
0 0.4074519230769231 0.8365384615384616 0.06971153846153846 0.07451923076923077
0 0.625 0.19951923076923078 0.06009615384615385 0.07932692307692307
0 0.5649038461538461 0.2091346153846154 0.055288461538461536 0.07451923076923077
1 0.9819711538461539 0.3701923076923077 0.03125 0.07692307692307693