1 0.8389423076923077 0.25961538461538464 0.055288461538461536 0.07932692307692307
0 0.25240384615384615 0.5132211538461539 0.055288461538461536 0.07932692307692307
0 0.6923076923076923 0.014423076923076924 0.0625 0.028846153846153848
0 0.8557692307692307 0.3713942307692308 0.052884615384615384 0.0673076923076923
0 0.9266826923076923 0.3605769230769231 0.06009615384615385 0.07932692307692307
0 0.5432692307692307 0.03485576923076923 0.0625 0.06971153846153846
0 0.8233173076923077 0.5649038461538461 0.055288461538461536 0.08413461538461539
0 0.5649038461538461 0.8425480769230769 0.07211538461538461 0.07692307692307693
0 0.4807692307692308 0.17548076923076922 0.0625 0.08173076923076923
0 0.43149038461538464 0.21033653846153846 0.057692307692307696 0.07692307692307693
1 0.8858173076923077 0.16706730769230768 0.052884615384615384 0.07451923076923077