1 0.6971153846153846 0.8653846153846154 0.07692307692307693 0.04807692307692308
0 0.5168269230769231 0.25240384615384615 0.07692307692307693 0.04807692307692308
0 0.9723557692307693 0.7536057692307693 0.05048076923076923 0.055288461538461536
0 0.5841346153846154 0.8689903846153846 0.06490384615384616 0.04567307692307692
0 0.5865384615384616 0.9411057692307693 0.07692307692307693 0.052884615384615384
0 0.9615384615384616 0.5997596153846154 0.07211538461538461 0.055288461538461536
0 0.39663461538461536 0.8125 0.08173076923076923 0.04807692307692308
0 0.15144230769230768 0.5216346153846154 0.07211538461538461 0.06490384615384616
0 0.8245192307692307 0.5204326923076923 0.07692307692307693 0.055288461538461536
0 0.796875 0.4675480769230769 0.07211538461538461 0.05048076923076923
1 0.7836538461538461 0.9230769230769231 0.07211538461538461 0.04567307692307692