0 0.7427884615384616 0.12620192307692307 0.04807692307692308 0.040865384615384616
0 0.6778846153846154 0.18389423076923078 0.04326923076923077 0.040865384615384616
0 0.7524038461538461 0.171875 0.04807692307692308 0.04567307692307692
0 0.671875 0.32091346153846156 0.055288461538461536 0.057692307692307696
1 0.6814903846153846 0.018028846153846152 0.05048076923076923 0.036057692307692304
1 0.6382211538461539 0.02283653846153846 0.05048076923076923 0.04567307692307692
1 0.7271634615384616 0.015625 0.05048076923076923 0.03125
1 0.5408653846153846 0.5144230769230769 0.06490384615384616 0.057692307692307696
1 0.7079326923076923 0.5552884615384616 0.057692307692307696 0.05048076923076923
1 0.7632211538461539 0.546875 0.06490384615384616 0.052884615384615384
0 0.5600961538461539 0.6153846153846154 0.05048076923076923 0.04567307692307692
0 0.7199519230769231 0.6105769230769231 0.05048076923076923 0.04567307692307692
0 0.5685096153846154 0.6610576923076923 0.05048076923076923 0.04567307692307692
1 0.43509615384615385 0.7115384615384616 0.052884615384615384 0.04567307692307692
1 0.4879807692307692 0.7019230769230769 0.055288461538461536 0.05048076923076923
0 0.7704326923076923 0.65625 0.04807692307692308 0.055288461538461536
0 0.7295673076923077 0.6634615384615384 0.04567307692307692 0.04567307692307692
0 0.6887019230769231 0.6706730769230769 0.05048076923076923 0.04567307692307692
0 0.4483173076923077 0.765625 0.05048076923076923 0.04567307692307692
1 0.9663461538461539 0.7211538461538461 0.052884615384615384 0.05048076923076923
0 0.9735576923076923 0.7752403846153846 0.04807692307692308 0.05048076923076923
0 0.7716346153846154 0.8149038461538461 0.05048076923076923 0.04807692307692308
0 0.828125 0.8076923076923077 0.05048076923076923 0.04807692307692308
0 0.9819711538461539 0.8293269230769231 0.03125 0.04807692307692308
0 0.9483173076923077 0.8353365384615384 0.04807692307692308 0.04567307692307692
0 0.5637019230769231 0.9206730769230769 0.05048076923076923 0.05048076923076923
1 0.44711538461538464 0.9411057692307693 0.05048076923076923 0.05048076923076923
0 0.5072115384615384 0.9314903846153846 0.05048076923076923 0.04807692307692308
1 0.38822115384615385 0.9543269230769231 0.055288461538461536 0.055288461538461536