0 0.8737980769230769 0.25721153846153844 0.05048076923076923 0.04326923076923077
0 0.7908653846153846 0.28365384615384615 0.04567307692307692 0.040865384615384616
0 0.8641826923076923 0.30288461538461536 0.04807692307692308 0.04807692307692308
0 0.7307692307692307 0.40625 0.057692307692307696 0.06009615384615385
1 0.8641826923076923 0.12860576923076922 0.05048076923076923 0.04567307692307692
1 0.8221153846153846 0.11778846153846154 0.04807692307692308 0.04807692307692308
1 0.90625 0.140625 0.04807692307692308 0.04807692307692308
1 0.53125 0.5300480769230769 0.0673076923076923 0.06009615384615385
1 0.6670673076923077 0.6346153846153846 0.06009615384615385 0.055288461538461536
1 0.7211538461538461 0.6490384615384616 0.0673076923076923 0.055288461538461536
0 0.5084134615384616 0.6298076923076923 0.052884615384615384 0.04807692307692308
0 0.65625 0.6899038461538461 0.05048076923076923 0.04807692307692308
0 0.49759615384615385 0.6754807692307693 0.052884615384615384 0.04807692307692308
1 0.3545673076923077 0.6670673076923077 0.055288461538461536 0.04807692307692308
1 0.40625 0.6802884615384616 0.057692307692307696 0.052884615384615384
0 0.6838942307692307 0.7524038461538461 0.05048076923076923 0.057692307692307696
0 0.6442307692307693 0.7427884615384616 0.04567307692307692 0.04567307692307692
0 0.6033653846153846 0.7319711538461539 0.05048076923076923 0.04807692307692308
0 0.3449519230769231 0.7211538461538461 0.05048076923076923 0.04807692307692308
1 0.8353365384615384 0.8918269230769231 0.055288461538461536 0.052884615384615384
1 0.8882211538461539 0.90625 0.055288461538461536 0.05048076923076923
0 0.8245192307692307 0.9447115384615384 0.057692307692307696 0.05048076923076923
0 0.6201923076923077 0.8978365384615384 0.052884615384615384 0.05048076923076923
0 0.6742788461538461 0.9134615384615384 0.052884615384615384 0.05048076923076923
0 0.8149038461538461 0.9867788461538461 0.052884615384615384 0.021634615384615384
0 0.7728365384615384 0.9807692307692307 0.05048076923076923 0.03365384615384615
0 0.3870192307692308 0.9098557692307693 0.052884615384615384 0.052884615384615384
1 0.27283653846153844 0.8822115384615384 0.052884615384615384 0.052884615384615384
0 0.3317307692307692 0.8978365384615384 0.052884615384615384 0.05048076923076923
1 0.21394230769230768 0.8689903846153846 0.057692307692307696 0.057692307692307696