0 0.1346153846153846 0.24519230769230768 0.05048076923076923 0.040865384615384616
0 0.21754807692307693 0.27403846153846156 0.04567307692307692 0.040865384615384616
0 0.14302884615384615 0.29086538461538464 0.04807692307692308 0.04567307692307692
0 0.27283653846153844 0.39783653846153844 0.057692307692307696 0.06009615384615385
1 0.14903846153846154 0.11658653846153846 0.05048076923076923 0.04326923076923077
1 0.19110576923076922 0.10697115384615384 0.04807692307692308 0.04567307692307692
1 0.10576923076923077 0.12620192307692307 0.04807692307692308 0.04567307692307692
1 0.4675480769230769 0.5288461538461539 0.0673076923076923 0.06009615384615385
1 0.328125 0.6286057692307693 0.057692307692307696 0.052884615384615384
1 0.27283653846153844 0.6418269230769231 0.06490384615384616 0.055288461538461536
0 0.48677884615384615 0.6298076923076923 0.052884615384615384 0.04807692307692308
0 0.33774038461538464 0.6838942307692307 0.05048076923076923 0.04567307692307692
0 0.4963942307692308 0.6754807692307693 0.052884615384615384 0.04807692307692308
1 0.6394230769230769 0.671875 0.055288461538461536 0.04807692307692308
1 0.5865384615384616 0.6826923076923077 0.055288461538461536 0.052884615384615384
0 0.3076923076923077 0.7463942307692307 0.05048076923076923 0.055288461538461536
0 0.3473557692307692 0.7379807692307693 0.04567307692307692 0.04567307692307692
0 0.3894230769230769 0.7283653846153846 0.05048076923076923 0.04567307692307692
0 0.6478365384615384 0.7271634615384616 0.05048076923076923 0.04567307692307692
1 0.1502403846153846 0.8798076923076923 0.052884615384615384 0.052884615384615384
1 0.0985576923076923 0.8930288461538461 0.052884615384615384 0.05048076923076923
0 0.15985576923076922 0.9338942307692307 0.055288461538461536 0.05048076923076923
0 0.36658653846153844 0.8930288461538461 0.05048076923076923 0.04807692307692308
0 0.3112980769230769 0.9074519230769231 0.05048076923076923 0.04807692307692308
0 0.16826923076923078 0.9807692307692307 0.052884615384615384 0.03365384615384615
0 0.21033653846153846 0.9771634615384616 0.05048076923076923 0.040865384615384616
0 0.5985576923076923 0.9134615384615384 0.05048076923076923 0.05048076923076923
1 0.7139423076923077 0.8894230769230769 0.05048076923076923 0.05048076923076923
0 0.6550480769230769 0.9038461538461539 0.05048076923076923 0.04807692307692308
1 0.7740384615384616 0.8798076923076923 0.057692307692307696 0.057692307692307696