0 0.8293269230769231 0.9278846153846154 0.07692307692307693 0.04567307692307692
0 0.7211538461538461 0.13701923076923078 0.0673076923076923 0.036057692307692304
0 0.7127403846153846 0.10697115384615384 0.07932692307692307 0.04326923076923077
1 0.7872596153846154 0.7427884615384616 0.07211538461538461 0.04326923076923077
1 0.7824519230769231 0.7079326923076923 0.07451923076923077 0.04326923076923077
1 0.7211538461538461 0.29927884615384615 0.08653846153846154 0.04807692307692308
0 0.6802884615384616 0.19230769230769232 0.07211538461538461 0.04326923076923077
0 0.7415865384615384 0.7908653846153846 0.0673076923076923 0.036057692307692304
1 0.6262019230769231 0.5697115384615384 0.06971153846153846 0.040865384615384616
1 0.6189903846153846 0.5324519230769231 0.07451923076923077 0.04326923076923077
0 0.5516826923076923 0.32091346153846156 0.06971153846153846 0.040865384615384616
0 0.5192307692307693 0.09495192307692307 0.07932692307692307 0.040865384615384616
0 0.5625 0.49759615384615385 0.06971153846153846 0.038461538461538464
1 0.5913461538461539 0.9230769230769231 0.07692307692307693 0.04567307692307692
1 0.5949519230769231 0.9615384615384616 0.06971153846153846 0.040865384615384616
1 0.9002403846153846 0.0829326923076923 0.07692307692307693 0.057692307692307696
0 0.4723557692307692 0.33052884615384615 0.0673076923076923 0.040865384615384616
0 0.9591346153846154 0.6105769230769231 0.07451923076923077 0.038461538461538464
0 0.9627403846153846 0.640625 0.06490384615384616 0.036057692307692304
0 0.9651442307692307 0.6706730769230769 0.0673076923076923 0.036057692307692304
0 0.96875 0.75 0.057692307692307696 0.038461538461538464
0 0.9699519230769231 0.78125 0.055288461538461536 0.04326923076923077
0 0.9651442307692307 0.7223557692307693 0.06490384615384616 0.040865384615384616
0 0.9182692307692307 0.31971153846153844 0.07211538461538461 0.040865384615384616
1 0.34975961538461536 0.49278846153846156 0.07211538461538461 0.040865384615384616
1 0.3545673076923077 0.5324519230769231 0.06971153846153846 0.040865384615384616
1 0.3329326923076923 0.7235576923076923 0.07211538461538461 0.040865384615384616
0 0.8112980769230769 0.125 0.07211538461538461 0.040865384615384616
1 0.9014423076923077 0.8569711538461539 0.07211538461538461 0.040865384615384616
0 0.8737980769230769 0.6514423076923077 0.06971153846153846 0.040865384615384616
0 0.8870192307692307 0.7608173076923077 0.0673076923076923 0.036057692307692304
1 0.859375 0.5576923076923077 0.07211538461538461 0.040865384615384616
1 0.8918269230769231 0.8185096153846154 0.07211538461538461 0.040865384615384616
0 0.8245192307692307 0.3016826923076923 0.07451923076923077 0.038461538461538464
0 0.8269230769230769 0.3317307692307692 0.06490384615384616 0.036057692307692304
0 0.8305288461538461 0.3605769230769231 0.06971153846153846 0.036057692307692304
1 0.859375 0.5949519230769231 0.0889423076923077 0.040865384615384616