0 0.8221153846153846 0.06610576923076923 0.07451923076923077 0.04326923076923077
0 0.7271634615384616 0.8581730769230769 0.0673076923076923 0.038461538461538464
0 0.7199519230769231 0.8894230769230769 0.07932692307692307 0.040865384615384616
1 0.7836538461538461 0.25240384615384615 0.06971153846153846 0.040865384615384616
1 0.7788461538461539 0.28725961538461536 0.07211538461538461 0.040865384615384616
1 0.7247596153846154 0.6959134615384616 0.08413461538461539 0.04567307692307692
0 0.6850961538461539 0.8052884615384616 0.06971153846153846 0.04326923076923077
0 0.7367788461538461 0.20432692307692307 0.0673076923076923 0.036057692307692304
1 0.625 0.42908653846153844 0.06971153846153846 0.040865384615384616
1 0.6189903846153846 0.4651442307692308 0.07451923076923077 0.040865384615384616
0 0.5552884615384616 0.6790865384615384 0.06971153846153846 0.040865384615384616
0 0.5264423076923077 0.9050480769230769 0.07932692307692307 0.038461538461538464
0 0.5625 0.5012019230769231 0.06971153846153846 0.038461538461538464
1 0.5829326923076923 0.07451923076923077 0.07451923076923077 0.04326923076923077
1 0.5877403846153846 0.036057692307692304 0.06971153846153846 0.040865384615384616
1 0.9074519230769231 0.9098557692307693 0.07692307692307693 0.055288461538461536
0 0.47475961538461536 0.6706730769230769 0.06490384615384616 0.040865384615384616
0 0.9567307692307693 0.38100961538461536 0.07451923076923077 0.036057692307692304
0 0.9603365384615384 0.35096153846153844 0.06490384615384616 0.036057692307692304
0 0.9627403846153846 0.32091346153846156 0.0673076923076923 0.036057692307692304
0 0.9675480769230769 0.24278846153846154 0.06009615384615385 0.038461538461538464
0 0.9675480769230769 0.21153846153846154 0.06009615384615385 0.04326923076923077
0 0.9627403846153846 0.27163461538461536 0.06971153846153846 0.038461538461538464
0 0.921875 0.671875 0.07211538461538461 0.040865384615384616
1 0.34975961538461536 0.5096153846153846 0.07211538461538461 0.040865384615384616
1 0.3545673076923077 0.4699519230769231 0.0673076923076923 0.040865384615384616
1 0.328125 0.27884615384615385 0.07211538461538461 0.040865384615384616
0 0.8173076923076923 0.8689903846153846 0.07211538461538461 0.040865384615384616
1 0.8942307692307693 0.13701923076923078 0.07211538461538461 0.040865384615384616
0 0.8701923076923077 0.3425480769230769 0.0673076923076923 0.040865384615384616
0 0.8822115384615384 0.23197115384615385 0.0673076923076923 0.036057692307692304
1 0.8581730769230769 0.4362980769230769 0.07211538461538461 0.040865384615384616
1 0.8858173076923077 0.17427884615384615 0.07211538461538461 0.040865384615384616
0 0.828125 0.6923076923076923 0.07451923076923077 0.036057692307692304
0 0.8293269230769231 0.6622596153846154 0.06490384615384616 0.036057692307692304
0 0.8329326923076923 0.6346153846153846 0.06971153846153846 0.036057692307692304
1 0.8569711538461539 0.39903846153846156 0.0889423076923077 0.040865384615384616