0 0.9603365384615384 0.21634615384615385 0.038461538461538464 0.07211538461538461
0 0.1622596153846154 0.24278846153846154 0.028846153846153848 0.06490384615384616
0 0.1310096153846154 0.24639423076923078 0.036057692307692304 0.07692307692307693
1 0.7716346153846154 0.23918269230769232 0.03365384615384615 0.0673076923076923
1 0.7355769230769231 0.24158653846153846 0.036057692307692304 0.06971153846153846
1 0.3233173076923077 0.25961538461538464 0.040865384615384616 0.08173076923076923
0 0.2127403846153846 0.28846153846153844 0.036057692307692304 0.0673076923076923
0 0.8149038461538461 0.28966346153846156 0.028846153846153848 0.06490384615384616
1 0.5817307692307693 0.38221153846153844 0.03365384615384615 0.0673076923076923
1 0.5444711538461539 0.38461538461538464 0.036057692307692304 0.07211538461538461
0 0.3269230769230769 0.43028846153846156 0.03365384615384615 0.0673076923076923
0 0.0985576923076923 0.4387019230769231 0.03365384615384615 0.07692307692307693
0 0.5036057692307693 0.4375 0.03125 0.0673076923076923
1 0.9302884615384616 0.4543269230769231 0.038461538461538464 0.07211538461538461
1 0.96875 0.453125 0.03365384615384615 0.0673076923076923
1 0.12740384615384615 0.057692307692307696 0.05048076923076923 0.07211538461538461
0 0.328125 0.5096153846153846 0.03365384615384615 0.0625
0 0.6586538461538461 0.055288461538461536 0.03125 0.07211538461538461
0 0.6887019230769231 0.054086538461538464 0.028846153846153848 0.0625
0 0.71875 0.055288461538461536 0.028846153846153848 0.06490384615384616
0 0.7992788461538461 0.054086538461538464 0.028846153846153848 0.06490384615384616
0 0.8305288461538461 0.052884615384615384 0.036057692307692304 0.06971153846153846
0 0.7692307692307693 0.055288461538461536 0.03125 0.07211538461538461
0 0.36538461538461536 0.06490384615384616 0.036057692307692304 0.06971153846153846
1 0.47716346153846156 0.6478365384615384 0.036057692307692304 0.06971153846153846
1 0.5168269230769231 0.6478365384615384 0.03365384615384615 0.06490384615384616
1 0.7055288461538461 0.6899038461538461 0.036057692307692304 0.06971153846153846
0 0.15985576923076922 0.15144230769230768 0.036057692307692304 0.06971153846153846
1 0.8966346153846154 0.13822115384615385 0.036057692307692304 0.06971153846153846
0 0.6899038461538461 0.14423076923076922 0.03365384615384615 0.06490384615384616
0 0.8004807692307693 0.14302884615384615 0.028846153846153848 0.06490384615384616
1 0.5949519230769231 0.14903846153846154 0.036057692307692304 0.06971153846153846
1 0.8581730769230769 0.14423076923076922 0.036057692307692304 0.06971153846153846
0 0.33653846153846156 0.15625 0.03125 0.07211538461538461
0 0.36658653846153844 0.15745192307692307 0.028846153846153848 0.0625
0 0.3954326923076923 0.15625 0.028846153846153848 0.0673076923076923
1 0.6322115384615384 0.15264423076923078 0.03365384615384615 0.08653846153846154