0 0.7800480769230769 0.5576923076923077 0.07451923076923077 0.0889423076923077
0 0.7103365384615384 0.609375 0.07211538461538461 0.08413461538461539
1 0.7415865384615384 0.47836538461538464 0.08413461538461539 0.09134615384615384
0 0.6262019230769231 0.8413461538461539 0.07211538461538461 0.07932692307692307
0 0.6454326923076923 0.7632211538461539 0.07451923076923077 0.08413461538461539
0 0.6213942307692307 0.5348557692307693 0.07692307692307693 0.08413461538461539
0 0.9002403846153846 0.7596153846153846 0.08413461538461539 0.08653846153846154
0 0.42788461538461536 0.5396634615384616 0.07692307692307693 0.08413461538461539
0 0.3173076923076923 0.47716346153846156 0.07211538461538461 0.0889423076923077
0 0.2860576923076923 0.6033653846153846 0.06971153846153846 0.07932692307692307
1 0.25961538461538464 0.7007211538461539 0.08413461538461539 0.09134615384615384
0 0.3918269230769231 0.08052884615384616 0.08413461538461539 0.09134615384615384