0 0.5324519230769231 0.21514423076923078 0.08173076923076923 0.0625
0 0.46153846153846156 0.265625 0.07692307692307693 0.06009615384615385
1 0.5949519230769231 0.2764423076923077 0.08173076923076923 0.07211538461538461
0 0.21514423076923078 0.27403846153846156 0.07211538461538461 0.0625
0 0.29447115384615385 0.28125 0.07692307692307693 0.0625
0 0.5036057692307693 0.3737980769230769 0.07692307692307693 0.0673076923076923
0 0.3762019230769231 0.039663461538461536 0.07692307692307693 0.07451923076923077
0 0.4411057692307692 0.5564903846153846 0.07692307692307693 0.0673076923076923
0 0.4651442307692308 0.6802884615384616 0.08173076923076923 0.06009615384615385
0 0.33533653846153844 0.671875 0.07211538461538461 0.06009615384615385
1 0.234375 0.6670673076923077 0.08173076923076923 0.07211538461538461
0 0.8653846153846154 0.7331730769230769 0.08173076923076923 0.07211538461538461