0 0.7836538461538461 0.5372596153846154 0.06490384615384616 0.08173076923076923
0 0.734375 0.4651442307692308 0.0625 0.07692307692307693
1 0.7223557692307693 0.5985576923076923 0.07451923076923077 0.08173076923076923
0 0.7307692307692307 0.21875 0.0625 0.07211538461538461
0 0.7223557692307693 0.29927884615384615 0.06490384615384616 0.07692307692307693
0 0.6262019230769231 0.5060096153846154 0.06971153846153846 0.07692307692307693
0 0.9603365384615384 0.3858173076923077 0.07451923076923077 0.07932692307692307
0 0.44471153846153844 0.43990384615384615 0.06971153846153846 0.07692307692307693
0 0.31971153846153844 0.46274038461538464 0.0625 0.08173076923076923
0 0.3317307692307692 0.3317307692307692 0.06009615384615385 0.07211538461538461
1 0.33774038461538464 0.23076923076923078 0.07451923076923077 0.08173076923076923
0 0.2608173076923077 0.8617788461538461 0.07451923076923077 0.07932692307692307